date,nav
03-05-2024,87.80580
02-05-2024,87.62090
30-04-2024,87.42880
29-04-2024,87.46000
26-04-2024,87.39630
25-04-2024,87.38240
24-04-2024,87.45230
23-04-2024,87.53580
22-04-2024,87.37430
19-04-2024,87.17570
18-04-2024,87.38900
16-04-2024,87.32570
15-04-2024,87.43720
12-04-2024,87.34900
10-04-2024,87.75700
08-04-2024,87.52420
05-04-2024,87.75730
04-04-2024,87.86040
03-04-2024,87.79470
02-04-2024,87.78810
31-03-2024,88.17670
28-03-2024,88.15310
27-03-2024,87.82630
26-03-2024,87.69800
22-03-2024,87.69290
21-03-2024,87.89310
20-03-2024,87.63060
19-03-2024,87.62610
18-03-2024,87.64850
15-03-2024,87.82410
14-03-2024,87.89640
13-03-2024,87.92140
12-03-2024,87.96790
11-03-2024,88.02980
07-03-2024,87.85850
06-03-2024,87.72950
05-03-2024,87.74190
04-03-2024,87.71430
01-03-2024,87.65420
29-02-2024,87.48980
28-02-2024,87.51090
27-02-2024,87.49630
26-02-2024,87.53080
23-02-2024,87.44090
22-02-2024,87.48440
21-02-2024,87.55450
20-02-2024,87.48530
16-02-2024,87.32070
15-02-2024,87.37890
14-02-2024,87.15640
13-02-2024,87.19500
12-02-2024,87.21860
09-02-2024,87.15450
08-02-2024,87.31690
07-02-2024,87.30040
06-02-2024,87.20170
05-02-2024,87.15980
02-02-2024,87.29080
01-02-2024,87.12560
31-01-2024,86.69420
30-01-2024,86.62610
29-01-2024,86.61070
25-01-2024,86.48870
24-01-2024,86.44540
23-01-2024,86.42260
19-01-2024,86.33160
18-01-2024,86.28920
17-01-2024,86.35950
16-01-2024,86.42450
15-01-2024,86.41560
12-01-2024,86.23510
11-01-2024,86.27870
10-01-2024,86.21570
09-01-2024,86.13720
08-01-2024,86.07180
05-01-2024,85.86770
04-01-2024,85.90230
03-01-2024,85.92100
02-01-2024,85.96690
01-01-2024,85.98830
29-12-2023,86.07370
28-12-2023,85.90510
27-12-2023,85.90550
26-12-2023,85.92710
22-12-2023,85.84410
21-12-2023,85.84800
20-12-2023,85.90000
19-12-2023,85.89530
18-12-2023,85.91710
15-12-2023,85.84100
14-12-2023,85.72380
13-12-2023,85.41240
12-12-2023,85.31030
11-12-2023,85.26750
08-12-2023,85.27670
07-12-2023,85.35090
06-12-2023,85.29350
05-12-2023,85.18840
04-12-2023,85.14170
01-12-2023,85.00870
30-11-2023,85.08350
29-11-2023,85.15300
28-11-2023,85.01860
24-11-2023,84.95700
23-11-2023,85.06440
22-11-2023,85.04200
21-11-2023,84.98550
20-11-2023,85.06160
17-11-2023,85.21660
16-11-2023,85.13030
15-11-2023,85.10150
13-11-2023,84.77090
10-11-2023,84.67650
09-11-2023,84.83740
08-11-2023,84.80320
07-11-2023,84.69860
06-11-2023,84.62800
03-11-2023,84.52560
02-11-2023,84.45910
01-11-2023,84.27440
31-10-2023,84.30120
30-10-2023,84.21010
27-10-2023,84.24980
26-10-2023,84.15480
25-10-2023,84.23140
23-10-2023,84.00710
20-10-2023,84.06700
19-10-2023,84.00950
18-10-2023,84.07400
17-10-2023,84.16710
16-10-2023,84.13810
13-10-2023,84.12910
12-10-2023,84.10540
11-10-2023,84.02950
10-10-2023,83.83190
09-10-2023,83.75350
06-10-2023,83.92130
05-10-2023,84.46020
04-10-2023,84.29570
03-10-2023,84.33730
29-09-2023,84.43350
27-09-2023,84.56990
26-09-2023,84.59840
25-09-2023,84.59190
22-09-2023,84.59750
21-09-2023,84.63450
20-09-2023,84.57060
18-09-2023,84.53200
15-09-2023,84.50340
14-09-2023,84.71020
13-09-2023,84.41080
12-09-2023,84.07880
11-09-2023,84.06010
08-09-2023,84.21830
07-09-2023,84.31000
06-09-2023,84.18930
05-09-2023,84.19940
04-09-2023,84.22470
01-09-2023,84.30000
31-08-2023,84.31420
30-08-2023,84.25340
29-08-2023,84.26600
28-08-2023,84.24930
25-08-2023,84.07920
24-08-2023,84.12960
23-08-2023,84.08920
22-08-2023,83.96400
21-08-2023,83.93500
18-08-2023,83.88190
17-08-2023,83.72650
14-08-2023,83.85080
11-08-2023,83.84730
10-08-2023,83.96190
09-08-2023,83.85890
08-08-2023,83.85660
07-08-2023,83.74910
04-08-2023,83.71210
03-08-2023,83.69640
02-08-2023,83.83270
01-08-2023,83.81500
31-07-2023,83.73450
28-07-2023,83.73450
27-07-2023,83.90660
26-07-2023,83.92550
25-07-2023,83.87450
24-07-2023,83.94310
21-07-2023,83.84510
20-07-2023,83.84050
19-07-2023,83.83850
18-07-2023,83.88860
17-07-2023,83.78730
14-07-2023,83.70080
13-07-2023,83.71010
12-07-2023,83.50040
11-07-2023,83.55450
10-07-2023,83.35740
07-07-2023,83.31280
06-07-2023,83.34960
05-07-2023,83.45500
04-07-2023,83.39760
03-07-2023,83.40570
30-06-2023,83.39120
28-06-2023,83.51290
27-06-2023,83.49400
26-06-2023,83.46730
23-06-2023,83.38720
22-06-2023,83.33550
21-06-2023,83.39110
20-06-2023,83.39630
19-06-2023,83.39820
16-06-2023,83.41030
15-06-2023,83.36930
14-06-2023,83.41440
13-06-2023,83.43750
12-06-2023,83.38450
09-06-2023,83.28010
08-06-2023,83.29990
07-06-2023,83.43570
06-06-2023,83.42370
05-06-2023,83.37480
02-06-2023,83.38520
01-06-2023,83.37040
31-05-2023,83.31730
30-05-2023,83.22620
29-05-2023,83.20420
26-05-2023,83.22530
25-05-2023,83.19020
24-05-2023,83.22500
23-05-2023,83.16040
22-05-2023,83.24890
19-05-2023,83.09360
18-05-2023,83.14940
17-05-2023,83.16110
16-05-2023,83.16530
15-05-2023,83.04280
12-05-2023,83.01630
11-05-2023,82.92120
10-05-2023,82.88310
09-05-2023,82.86070
08-05-2023,82.83160
04-05-2023,82.88570
03-05-2023,82.88120
02-05-2023,82.61090
28-04-2023,82.53430
27-04-2023,82.57560
26-04-2023,82.51440
25-04-2023,82.51640
24-04-2023,82.46280
21-04-2023,82.28720
20-04-2023,82.18320
19-04-2023,82.10700
18-04-2023,82.09980
17-04-2023,82.01550
13-04-2023,82.05050
12-04-2023,82.07810
11-04-2023,82.02110
10-04-2023,82.04610
06-04-2023,82.01580
05-04-2023,81.80730
03-04-2023,81.67850
31-03-2023,81.66690
29-03-2023,81.64800
28-03-2023,81.52490
27-03-2023,81.52920
24-03-2023,81.46330
23-03-2023,81.39310
21-03-2023,81.34790
20-03-2023,81.39950
17-03-2023,81.27680
16-03-2023,81.24390
15-03-2023,81.22950
14-03-2023,81.20660
13-03-2023,81.16600
10-03-2023,80.96960
09-03-2023,80.90670
08-03-2023,80.85830
06-03-2023,80.94060
03-03-2023,80.89350
02-03-2023,80.81420
01-03-2023,80.78880
28-02-2023,80.67210
27-02-2023,80.62250
24-02-2023,80.68120
23-02-2023,80.70410
22-02-2023,80.61580
21-02-2023,80.70020
20-02-2023,80.75450
17-02-2023,80.67690
16-02-2023,80.74100
15-02-2023,80.64310
14-02-2023,80.57540
13-02-2023,80.56230
10-02-2023,80.54970
09-02-2023,80.58780
08-02-2023,80.61940
07-02-2023,80.68310
06-02-2023,80.63990
03-02-2023,80.69410
02-02-2023,80.63350
01-02-2023,80.69560
31-01-2023,80.44100
30-01-2023,80.38480
27-01-2023,80.42650
25-01-2023,80.47970
24-01-2023,80.47380
23-01-2023,80.49950
20-01-2023,80.50940
19-01-2023,80.57230
18-01-2023,80.49270
17-01-2023,80.49150
16-01-2023,80.49390
13-01-2023,80.52540
12-01-2023,80.48790
11-01-2023,80.47990
10-01-2023,80.45990
09-01-2023,80.38300
06-01-2023,80.29240
05-01-2023,80.32520
04-01-2023,80.31660
03-01-2023,80.30550
02-01-2023,80.26670
30-12-2022,80.23560
29-12-2022,80.24590
28-12-2022,80.23640
27-12-2022,80.25100
26-12-2022,80.24200
23-12-2022,80.20650
22-12-2022,80.21030
21-12-2022,80.24310
20-12-2022,80.22770
19-12-2022,80.23700
16-12-2022,80.20230
15-12-2022,80.18940
14-12-2022,80.24100
13-12-2022,80.18830
12-12-2022,80.11240
09-12-2022,80.06620
08-12-2022,80.05800
07-12-2022,80.07000
06-12-2022,80.12430
05-12-2022,80.14690
02-12-2022,80.14940
01-12-2022,80.15250
30-11-2022,80.06580
29-11-2022,80.04640
28-11-2022,80.03460
25-11-2022,79.92690
24-11-2022,80.08710
23-11-2022,79.89040
22-11-2022,79.91520
21-11-2022,79.88040
18-11-2022,79.91590
17-11-2022,79.97600
16-11-2022,79.89980
15-11-2022,79.90590
14-11-2022,79.82490
11-11-2022,79.75510
10-11-2022,79.60040
09-11-2022,79.48800
07-11-2022,79.39150
04-11-2022,79.30330
03-11-2022,79.25600
02-11-2022,79.41730
01-11-2022,79.40580
31-10-2022,79.35340
28-10-2022,79.38640
27-10-2022,79.42920
25-10-2022,79.33810
21-10-2022,79.06580
20-10-2022,79.11020
19-10-2022,79.16640
18-10-2022,79.26090
17-10-2022,79.25980
14-10-2022,78.97800
13-10-2022,79.10070
12-10-2022,79.08150
11-10-2022,78.97030
10-10-2022,78.95320
07-10-2022,78.99300
06-10-2022,79.05310
04-10-2022,79.19020
03-10-2022,79.04200
30-09-2022,79.16340
29-09-2022,78.97450
28-09-2022,78.94100
27-09-2022,78.92880
26-09-2022,78.82800
23-09-2022,78.84760
22-09-2022,78.98010
21-09-2022,79.02650
20-09-2022,79.00980
19-09-2022,79.03830
16-09-2022,78.98500
15-09-2022,79.07510
14-09-2022,79.17340
13-09-2022,79.24840
12-09-2022,79.18380
09-09-2022,79.15390
08-09-2022,79.11850
07-09-2022,79.06020
06-09-2022,78.99680
05-09-2022,78.90420
02-09-2022,78.84970
01-09-2022,78.90420
30-08-2022,78.84140
29-08-2022,78.81680
26-08-2022,78.72880
25-08-2022,78.56010
24-08-2022,78.54610
23-08-2022,78.50350
22-08-2022,78.45940
19-08-2022,78.35030
18-08-2022,78.37890
17-08-2022,78.52300
12-08-2022,78.21260
11-08-2022,78.17280
10-08-2022,78.02580
08-08-2022,77.90450
05-08-2022,77.88950
04-08-2022,78.06000
03-08-2022,77.98230
02-08-2022,78.02620
01-08-2022,77.97230
29-07-2022,77.87590
28-07-2022,77.85830
27-07-2022,77.70640
26-07-2022,77.64970
25-07-2022,77.63180
22-07-2022,77.59580
21-07-2022,77.49330
20-07-2022,77.53210
19-07-2022,77.50970
18-07-2022,77.55990
15-07-2022,77.52290
14-07-2022,77.60110
13-07-2022,77.55670
12-07-2022,77.39690
11-07-2022,77.22810
08-07-2022,77.23120
07-07-2022,77.30190
06-07-2022,77.39060
05-07-2022,77.21320
04-07-2022,77.22190
01-07-2022,77.11070
30-06-2022,77.09300
29-06-2022,76.79290
28-06-2022,76.75260
27-06-2022,76.90830
24-06-2022,76.90870
23-06-2022,76.95720
22-06-2022,76.96220
21-06-2022,76.80600
20-06-2022,76.84990
17-06-2022,76.71960
16-06-2022,76.90170
15-06-2022,76.90090
14-06-2022,76.89550
13-06-2022,76.88400
10-06-2022,77.03220
09-06-2022,77.10270
08-06-2022,77.11050
07-06-2022,76.95880
06-06-2022,77.13520
03-06-2022,77.22020
02-06-2022,77.26920
01-06-2022,77.32960
31-05-2022,77.35870
30-05-2022,77.39280
27-05-2022,77.40890
26-05-2022,77.53440
25-05-2022,77.48640
24-05-2022,77.45630
23-05-2022,77.38360
20-05-2022,77.32960
19-05-2022,77.49500
18-05-2022,77.44990
17-05-2022,77.42700
13-05-2022,77.39900
12-05-2022,77.52620
11-05-2022,77.50360
10-05-2022,77.36490
09-05-2022,77.18780
06-05-2022,77.24560
05-05-2022,77.33310
04-05-2022,77.42340
02-05-2022,77.84170
29-04-2022,77.80380
28-04-2022,77.79800
27-04-2022,77.94360
26-04-2022,77.98980
25-04-2022,77.94140
22-04-2022,77.70330
21-04-2022,77.71230
20-04-2022,77.76450
19-04-2022,77.77450
18-04-2022,77.72160
13-04-2022,77.58610
12-04-2022,77.71610
11-04-2022,77.82330
08-04-2022,78.04690
07-04-2022,78.36650
06-04-2022,78.33630
05-04-2022,78.37280
04-04-2022,78.36660
31-03-2022,78.49080
30-03-2022,78.38940
29-03-2022,78.26050
28-03-2022,78.20250
25-03-2022,78.23290
24-03-2022,78.17710
23-03-2022,78.16640
22-03-2022,78.07790
21-03-2022,78.17670
17-03-2022,78.17990
16-03-2022,78.06020
15-03-2022,77.98310
14-03-2022,77.89910
11-03-2022,77.87140
10-03-2022,77.96140
09-03-2022,77.81980
08-03-2022,77.75340
07-03-2022,77.82430
04-03-2022,78.04500
03-03-2022,78.01510
02-03-2022,78.07600
28-02-2022,78.19320
25-02-2022,78.05310
24-02-2022,78.14460
23-02-2022,78.21850
22-02-2022,78.18430
21-02-2022,78.26210
18-02-2022,78.26840
17-02-2022,78.21430
16-02-2022,78.37130
15-02-2022,78.43700
14-02-2022,78.52030
11-02-2022,78.38970
10-02-2022,78.28280
09-02-2022,78.13300
08-02-2022,78.04320
04-02-2022,77.73910
03-02-2022,77.70870
02-02-2022,77.75530
01-02-2022,77.93360
31-01-2022,78.27550
28-01-2022,78.07320
27-01-2022,78.09790
25-01-2022,78.25380
24-01-2022,78.22240
21-01-2022,78.27080
20-01-2022,78.22930
19-01-2022,78.17120
18-01-2022,78.15040
17-01-2022,78.11010
14-01-2022,78.20240
13-01-2022,78.18880
12-01-2022,78.12900
11-01-2022,78.15100
10-01-2022,78.03410
07-01-2022,78.11670
06-01-2022,78.18180
05-01-2022,78.20580
04-01-2022,78.17820
03-01-2022,78.27600
31-12-2021,78.33160
30-12-2021,78.29150
29-12-2021,78.30980
28-12-2021,78.26140
27-12-2021,78.31700
24-12-2021,78.28880
23-12-2021,78.34770
22-12-2021,78.36350
21-12-2021,78.37600
20-12-2021,78.47690
17-12-2021,78.54140
16-12-2021,78.69080
15-12-2021,78.61170
14-12-2021,78.63810
13-12-2021,78.61930
10-12-2021,78.57520
09-12-2021,78.64260
08-12-2021,78.64410
07-12-2021,78.57770
06-12-2021,78.61240
03-12-2021,78.58830
02-12-2021,78.60930
01-12-2021,78.62380
30-11-2021,78.69080
29-11-2021,78.61870
26-11-2021,78.65940
25-11-2021,78.59270
24-11-2021,78.57630
23-11-2021,78.57870
22-11-2021,78.62040
18-11-2021,78.56860
17-11-2021,78.51680
16-11-2021,78.51070
15-11-2021,78.52160
12-11-2021,78.41610
11-11-2021,78.49840
10-11-2021,78.47880
09-11-2021,78.50820
08-11-2021,78.44320
03-11-2021,78.20920
02-11-2021,78.17290
01-11-2021,78.24550
29-10-2021,78.32420
28-10-2021,78.52360
27-10-2021,78.52810
26-10-2021,78.47890
25-10-2021,78.46900
22-10-2021,78.54480
21-10-2021,78.57420
20-10-2021,78.54670
18-10-2021,78.51610
14-10-2021,78.51280
13-10-2021,78.63170
12-10-2021,78.58610
11-10-2021,78.57920
08-10-2021,78.51270
07-10-2021,78.51530
06-10-2021,78.47800
05-10-2021,78.50850
04-10-2021,78.55470
01-10-2021,78.54430
30-09-2021,78.52070
29-09-2021,78.50870
28-09-2021,78.45280
27-09-2021,78.38560
24-09-2021,78.40790
23-09-2021,78.48150
22-09-2021,78.42640
21-09-2021,78.37860
20-09-2021,78.37670
17-09-2021,78.29680
16-09-2021,78.25650
15-09-2021,78.24230
14-09-2021,78.09790
13-09-2021,78.06230
09-09-2021,78.08290
08-09-2021,78.05050
07-09-2021,78.07180
06-09-2021,78.08100
03-09-2021,78.04250
02-09-2021,77.96680
01-09-2021,77.90130
31-08-2021,77.85570
30-08-2021,77.81830
27-08-2021,77.68810
26-08-2021,77.48650
25-08-2021,77.54380
24-08-2021,77.52450
23-08-2021,77.45360
20-08-2021,77.38910
18-08-2021,77.36890
17-08-2021,77.27550
13-08-2021,77.18360
12-08-2021,77.08860
11-08-2021,77.07910
10-08-2021,77.15640
09-08-2021,77.05200
06-08-2021,76.91940
05-08-2021,76.96680
04-08-2021,76.97980
03-08-2021,76.91500
02-08-2021,76.89660
30-07-2021,76.75000
29-07-2021,76.82810
28-07-2021,76.80930
27-07-2021,76.79430
26-07-2021,76.72940
23-07-2021,76.60390
22-07-2021,76.55280
20-07-2021,76.59790
19-07-2021,76.51560
16-07-2021,76.47060
15-07-2021,76.47620
14-07-2021,76.41200
13-07-2021,76.41010
12-07-2021,76.38370
09-07-2021,76.42550
08-07-2021,76.41460
07-07-2021,76.33950
06-07-2021,76.34930
05-07-2021,76.50810
02-07-2021,76.46010
01-07-2021,76.50720
30-06-2021,76.51440
29-06-2021,76.51690
28-06-2021,76.49380
25-06-2021,76.59740
24-06-2021,76.66010
23-06-2021,76.61540
22-06-2021,76.64080
21-06-2021,76.59610
18-06-2021,76.59390
17-06-2021,76.59990
16-06-2021,76.62220
15-06-2021,76.68510
14-06-2021,76.87480
11-06-2021,76.89580
10-06-2021,76.80290
09-06-2021,76.75160
08-06-2021,76.74180
07-06-2021,76.62570
04-06-2021,76.52040
03-06-2021,76.50960
02-06-2021,76.49670
01-06-2021,76.47670
31-05-2021,76.50270
28-05-2021,76.59310
27-05-2021,76.62680
25-05-2021,76.68930
24-05-2021,76.65500
21-05-2021,76.61450
20-05-2021,76.56000
19-05-2021,76.50400
18-05-2021,76.49770
17-05-2021,76.49580
14-05-2021,76.40440
12-05-2021,76.42080
11-05-2021,76.38970
10-05-2021,76.36130
07-05-2021,76.36720
06-05-2021,76.35920
05-05-2021,76.24900
04-05-2021,76.15720
03-05-2021,76.17850
30-04-2021,76.11700
29-04-2021,76.08080
28-04-2021,76.08310
27-04-2021,76.09570
26-04-2021,76.05180
23-04-2021,75.89470
22-04-2021,75.84380
20-04-2021,75.74960
19-04-2021,75.76570
16-04-2021,75.68870
15-04-2021,75.68500
12-04-2021,75.79990
09-04-2021,75.85250
08-04-2021,75.97460
07-04-2021,75.88280
06-04-2021,75.77300
05-04-2021,75.71290
31-03-2021,75.53330
30-03-2021,75.60170
26-03-2021,75.61130
25-03-2021,75.59080
24-03-2021,75.58730
23-03-2021,75.53830
22-03-2021,75.36870
19-03-2021,75.16110
18-03-2021,74.86770
17-03-2021,74.84840
16-03-2021,74.84980
15-03-2021,74.73550
12-03-2021,74.65840
10-03-2021,74.81210
09-03-2021,74.83470
08-03-2021,74.92560
05-03-2021,74.95250
04-03-2021,75.10500
03-03-2021,75.07670
02-03-2021,75.11540
01-03-2021,75.09360
26-02-2021,74.95150
25-02-2021,75.16950
24-02-2021,75.27200
23-02-2021,75.19330
22-02-2021,75.17570
18-02-2021,75.41500
17-02-2021,75.57080
16-02-2021,75.63810
15-02-2021,75.67760
12-02-2021,75.77830
11-02-2021,75.78930
10-02-2021,75.73130
09-02-2021,75.55610
08-02-2021,75.81780
05-02-2021,75.65340
04-02-2021,75.87540
03-02-2021,75.77450
02-02-2021,75.61180
01-02-2021,75.96480
29-01-2021,76.71440
28-01-2021,76.74640
27-01-2021,76.67650
25-01-2021,76.64590
22-01-2021,76.67580
21-01-2021,76.66420
20-01-2021,76.69980
19-01-2021,76.68910
18-01-2021,76.61420
15-01-2021,76.57410
14-01-2021,76.69010
13-01-2021,76.61480
12-01-2021,76.67240
11-01-2021,76.68200
08-01-2021,76.80910
07-01-2021,76.79850
06-01-2021,76.80040
05-01-2021,76.93130
04-01-2021,76.86620
01-01-2021,76.71060
31-12-2020,76.65630
30-12-2020,76.56910
29-12-2020,76.54530
28-12-2020,76.53930
24-12-2020,76.40880
23-12-2020,76.38110
22-12-2020,76.34120
21-12-2020,76.29650
18-12-2020,76.26950
17-12-2020,76.26410
16-12-2020,76.25830
15-12-2020,76.26920
14-12-2020,76.26120
11-12-2020,76.23300
10-12-2020,76.32480
09-12-2020,76.33460
08-12-2020,76.19420
07-12-2020,76.21220
04-12-2020,76.21530
03-12-2020,76.03580
02-12-2020,75.89030
01-12-2020,75.88400
27-11-2020,75.88090
26-11-2020,75.97140
25-11-2020,75.81740
24-11-2020,75.72700
23-11-2020,75.64310
20-11-2020,75.67180
19-11-2020,75.59290
18-11-2020,75.57120
17-11-2020,75.50150
13-11-2020,75.34370
12-11-2020,75.25220
11-11-2020,75.23940
10-11-2020,75.24060
09-11-2020,75.35470
06-11-2020,75.43460
05-11-2020,75.39350
04-11-2020,75.25240
03-11-2020,75.17990
02-11-2020,75.22810
29-10-2020,75.28490
28-10-2020,75.43560
27-10-2020,75.47720
26-10-2020,75.47650
23-10-2020,75.08650
22-10-2020,74.82590
21-10-2020,74.79800
20-10-2020,74.71320
19-10-2020,74.69840
16-10-2020,74.70520
15-10-2020,74.82130
14-10-2020,74.78840
13-10-2020,74.80060
12-10-2020,74.81040
09-10-2020,74.53870
08-10-2020,74.01710
07-10-2020,74.02210
06-10-2020,73.97530
05-10-2020,74.06970
01-10-2020,74.08300
30-09-2020,74.00470
29-09-2020,73.82120
28-09-2020,73.70530
25-09-2020,73.82610
24-09-2020,74.00930
23-09-2020,74.01070
22-09-2020,73.96140
21-09-2020,73.93610
18-09-2020,73.88820
17-09-2020,73.93570
16-09-2020,74.08790
15-09-2020,73.94460
14-09-2020,73.93390
11-09-2020,73.89150
10-09-2020,73.94340
09-09-2020,74.06210
08-09-2020,73.80060
07-09-2020,74.13570
04-09-2020,74.40310
03-09-2020,74.50940
02-09-2020,74.40850
01-09-2020,74.28890
31-08-2020,73.12840
28-08-2020,72.86030
27-08-2020,72.84800
26-08-2020,72.77030
25-08-2020,72.95370
24-08-2020,72.74670
21-08-2020,73.29530
20-08-2020,73.88800
19-08-2020,73.85470
18-08-2020,73.93240
17-08-2020,73.96380
14-08-2020,73.97800
13-08-2020,74.27260
12-08-2020,74.24710
11-08-2020,74.20530
10-08-2020,74.19020
07-08-2020,74.22030
06-08-2020,74.37220
05-08-2020,74.58320
04-08-2020,74.52960
03-08-2020,74.47700
31-07-2020,74.47910
30-07-2020,74.50860
29-07-2020,74.50310
28-07-2020,74.42650
27-07-2020,74.39690
24-07-2020,74.52330
23-07-2020,74.50330
22-07-2020,74.46390
21-07-2020,74.42670
20-07-2020,74.52720
17-07-2020,74.51200
16-07-2020,74.46900
15-07-2020,74.42080
14-07-2020,74.33770
13-07-2020,74.50230
10-07-2020,74.50350
09-07-2020,74.36350
08-07-2020,74.36880
07-07-2020,74.23840
06-07-2020,74.04860
03-07-2020,73.96190
02-07-2020,74.00350
01-07-2020,74.03530
30-06-2020,73.77740
29-06-2020,73.63760
26-06-2020,73.58100
25-06-2020,73.62790
24-06-2020,73.54310
23-06-2020,73.64460
22-06-2020,73.71940
19-06-2020,73.74040
18-06-2020,73.71730
17-06-2020,73.57410
16-06-2020,73.53920
15-06-2020,73.76890
12-06-2020,73.74440
11-06-2020,73.85500
10-06-2020,73.81310
09-06-2020,73.79580
08-06-2020,73.69490
05-06-2020,73.57120
04-06-2020,73.62470
03-06-2020,73.57570
02-06-2020,73.58330
01-06-2020,73.57500
29-05-2020,73.75570
28-05-2020,73.80580
27-05-2020,73.77480
26-05-2020,73.74100
22-05-2020,73.63160
21-05-2020,73.17110
20-05-2020,73.06850
19-05-2020,73.03320
18-05-2020,72.86890
15-05-2020,72.69450
14-05-2020,72.70110
13-05-2020,72.64530
12-05-2020,72.49500
11-05-2020,72.57950
08-05-2020,73.27410
06-05-2020,73.07370
05-05-2020,72.73180
04-05-2020,72.53760
30-04-2020,72.29700
29-04-2020,72.29900
28-04-2020,72.32670
27-04-2020,72.36770
24-04-2020,72.33210
23-04-2020,72.69870
22-04-2020,71.96910
21-04-2020,71.97860
20-04-2020,71.89150
17-04-2020,70.97170
16-04-2020,70.61140
15-04-2020,70.51060
13-04-2020,70.15550
09-04-2020,69.95810
08-04-2020,69.78920
07-04-2020,69.78750
03-04-2020,70.27090
31-03-2020,70.68360
30-03-2020,70.16350
27-03-2020,70.45940
26-03-2020,69.82460
24-03-2020,69.39990
23-03-2020,69.21650
20-03-2020,69.81000
19-03-2020,69.05060
18-03-2020,69.70180
17-03-2020,69.78450
16-03-2020,69.99660
13-03-2020,69.58930
12-03-2020,70.14660
11-03-2020,70.53330
09-03-2020,70.74730
06-03-2020,70.45560
05-03-2020,70.22970
04-03-2020,70.23720
03-03-2020,69.75070
02-03-2020,69.79080
28-02-2020,69.61750
27-02-2020,69.58870
26-02-2020,69.69620
25-02-2020,69.59490
24-02-2020,69.61500
20-02-2020,69.39190
18-02-2020,69.48040
17-02-2020,69.47870
14-02-2020,69.50740
13-02-2020,69.33300
12-02-2020,69.15970
11-02-2020,69.14860
10-02-2020,69.17560
07-02-2020,69.08860
06-02-2020,68.94610
05-02-2020,68.53130
04-02-2020,68.52420
03-02-2020,68.49720
31-01-2020,67.92210
30-01-2020,68.01590
29-01-2020,67.97530
28-01-2020,67.96260
27-01-2020,68.07590
24-01-2020,67.96760
23-01-2020,67.87660
22-01-2020,67.72960
21-01-2020,67.75480
20-01-2020,67.66620
17-01-2020,67.68240
16-01-2020,67.52140
15-01-2020,67.43720
14-01-2020,67.27230
13-01-2020,67.56300
10-01-2020,67.60970
09-01-2020,67.91020
08-01-2020,67.73460
07-01-2020,67.72160
06-01-2020,67.66380
03-01-2020,67.87030
02-01-2020,67.90620
01-01-2020,67.83600
31-12-2019,67.68440
30-12-2019,67.71990
27-12-2019,67.76860
26-12-2019,67.61100
24-12-2019,67.54550
23-12-2019,67.63240
20-12-2019,67.45490
19-12-2019,66.76250
18-12-2019,66.84470
17-12-2019,66.66010
16-12-2019,66.41660
13-12-2019,66.42580
12-12-2019,66.49960
11-12-2019,66.55120
10-12-2019,66.72790
09-12-2019,66.85840
06-12-2019,66.75370
05-12-2019,66.93420
04-12-2019,67.60770
03-12-2019,67.55240
02-12-2019,67.46450
29-11-2019,67.50440
28-11-2019,67.53960
27-11-2019,67.47030
26-11-2019,67.46290
25-11-2019,67.47010
22-11-2019,67.38200
21-11-2019,67.33610
20-11-2019,67.49980
19-11-2019,67.40680
18-11-2019,67.32330
15-11-2019,67.19180
14-11-2019,67.17790
13-11-2019,67.12870
11-11-2019,67.03520
08-11-2019,67.05410
07-11-2019,67.17840
06-11-2019,67.26540
05-11-2019,67.14610
04-11-2019,67.28150
01-11-2019,67.33140
31-10-2019,67.34940
30-10-2019,67.23040
29-10-2019,67.17370
25-10-2019,67.16150
24-10-2019,67.12680
23-10-2019,67.11700
22-10-2019,67.01450
18-10-2019,67.01960
17-10-2019,66.95870
16-10-2019,67.12360
15-10-2019,67.00390
14-10-2019,67.02000
11-10-2019,66.83890
10-10-2019,67.09290
09-10-2019,67.18240
07-10-2019,67.14330
04-10-2019,67.14230
03-10-2019,67.59340
01-10-2019,67.25700
30-09-2019,66.88260
27-09-2019,66.68160
26-09-2019,66.69290
25-09-2019,66.50390
24-09-2019,66.47190
23-09-2019,66.64830
20-09-2019,66.41120
19-09-2019,67.28550
18-09-2019,67.29500
17-09-2019,66.81500
16-09-2019,66.88040
13-09-2019,67.15110
12-09-2019,67.04490
11-09-2019,66.98940
09-09-2019,67.39750
06-09-2019,67.26500
05-09-2019,67.35990
04-09-2019,67.45720
03-09-2019,67.51240
30-08-2019,67.26670
29-08-2019,67.32930
28-08-2019,67.26390
27-08-2019,67.39540
26-08-2019,67.55930
23-08-2019,67.19960
22-08-2019,67.22620
21-08-2019,67.16800
20-08-2019,67.09320
19-08-2019,67.03630
16-08-2019,67.20090
14-08-2019,66.84540
13-08-2019,67.26200
09-08-2019,67.34520
08-08-2019,67.68010
07-08-2019,67.73610
06-08-2019,67.78370
05-08-2019,67.55640
02-08-2019,67.69040
01-08-2019,67.48620
31-07-2019,67.63480
30-07-2019,67.55060
29-07-2019,67.48580
26-07-2019,67.06830
25-07-2019,67.07470
24-07-2019,67.28950
23-07-2019,67.17470
22-07-2019,67.35080
19-07-2019,67.55090
18-07-2019,67.46590
17-07-2019,67.59010
16-07-2019,67.62210
15-07-2019,67.30020
12-07-2019,67.05870
11-07-2019,66.98290
10-07-2019,66.77990
09-07-2019,66.60030
08-07-2019,66.68480
05-07-2019,66.19820
04-07-2019,65.88030
03-07-2019,65.56790
02-07-2019,65.51960
01-07-2019,65.38890
28-06-2019,65.36680
27-06-2019,65.28870
26-06-2019,65.14380
25-06-2019,65.32700
24-06-2019,65.43250
21-06-2019,65.37190
20-06-2019,65.57180
19-06-2019,65.34330
18-06-2019,65.46670
17-06-2019,64.91670
14-06-2019,64.92700
13-06-2019,64.58930
12-06-2019,64.58120
11-06-2019,64.50390
10-06-2019,64.38480
07-06-2019,64.66500
06-06-2019,64.71560
04-06-2019,64.33370
03-06-2019,64.47770
31-05-2019,64.22440
30-05-2019,63.89970
29-05-2019,63.93720
28-05-2019,63.83090
27-05-2019,63.76950
24-05-2019,63.57740
23-05-2019,63.54470
22-05-2019,63.48630
21-05-2019,63.40420
20-05-2019,63.42420
17-05-2019,63.22410
16-05-2019,63.19840
15-05-2019,63.16060
14-05-2019,63.17870
13-05-2019,63.10160
10-05-2019,62.98040
09-05-2019,62.99130
08-05-2019,63.02770
07-05-2019,62.96610
06-05-2019,62.92320
03-05-2019,62.86900
02-05-2019,62.85450
30-04-2019,62.77860
26-04-2019,62.74610
25-04-2019,62.63850
24-04-2019,62.69380
23-04-2019,62.53360
22-04-2019,62.55820
18-04-2019,62.67900
16-04-2019,62.68670
15-04-2019,62.68270
12-04-2019,62.60860
11-04-2019,62.70150
10-04-2019,62.70030
09-04-2019,62.65630
08-04-2019,62.60430
05-04-2019,62.76810
04-04-2019,62.77810
03-04-2019,63.06540
02-04-2019,63.07590
29-03-2019,62.89960
28-03-2019,62.90380
27-03-2019,62.82660
26-03-2019,62.80670
25-03-2019,62.78630
22-03-2019,62.61150
20-03-2019,62.43600
19-03-2019,62.32460
18-03-2019,62.36660
15-03-2019,62.25450
14-03-2019,62.16650
13-03-2019,62.06010
12-03-2019,62.02470
11-03-2019,61.99380
08-03-2019,61.92450
07-03-2019,61.85520
06-03-2019,61.82890
05-03-2019,61.81360
01-03-2019,61.77780
28-02-2019,61.68300
27-02-2019,61.55300
26-02-2019,61.69680
25-02-2019,61.73620
22-02-2019,61.71910
21-02-2019,61.76840
20-02-2019,61.75320
18-02-2019,61.71790
15-02-2019,61.69200
14-02-2019,61.73720
13-02-2019,61.73940
12-02-2019,61.47410
11-02-2019,61.49870
08-02-2019,61.46420
07-02-2019,61.43750
06-02-2019,61.25330
05-02-2019,61.18890
04-02-2019,61.12700
01-02-2019,61.16530
31-01-2019,61.33470
30-01-2019,61.19250
29-01-2019,61.23290
28-01-2019,61.19320
25-01-2019,61.15860
24-01-2019,61.12010
23-01-2019,61.07480
22-01-2019,61.14890
21-01-2019,61.06530
18-01-2019,61.05980
17-01-2019,61.22470
16-01-2019,61.18470
15-01-2019,61.46600
14-01-2019,61.58560
11-01-2019,61.35350
10-01-2019,61.38510
09-01-2019,61.38150
08-01-2019,61.41000
07-01-2019,61.21160
04-01-2019,61.36890
03-01-2019,61.44170
02-01-2019,61.65410
01-01-2019,61.46260
31-12-2018,61.64390
28-12-2018,61.59670
27-12-2018,61.90960
26-12-2018,61.93300
24-12-2018,61.81190
21-12-2018,61.81020
20-12-2018,61.81190
19-12-2018,61.91120
18-12-2018,61.43880
17-12-2018,61.18550
14-12-2018,61.19490
13-12-2018,61.25310
12-12-2018,61.16560
11-12-2018,60.78630
10-12-2018,60.72420
07-12-2018,60.95200
06-12-2018,60.99430
05-12-2018,60.87950
04-12-2018,60.45750
03-12-2018,60.29550
30-11-2018,60.32050
29-11-2018,60.30370
28-11-2018,60.12720
27-11-2018,59.88650
26-11-2018,59.87510
22-11-2018,59.83170
20-11-2018,59.64540
19-11-2018,59.63430
16-11-2018,59.56060
15-11-2018,59.63050
14-11-2018,59.65300
13-11-2018,59.59360
12-11-2018,59.52430
09-11-2018,59.52130
06-11-2018,59.47340
05-11-2018,59.44190
02-11-2018,59.43400
01-11-2018,59.36230
31-10-2018,59.33280
30-10-2018,59.33590
29-10-2018,59.36110
26-10-2018,59.23720
25-10-2018,59.23290
24-10-2018,59.21950
23-10-2018,59.19440
22-10-2018,59.13940
19-10-2018,59.11330
17-10-2018,59.10220
16-10-2018,59.11720
15-10-2018,59.06090
12-10-2018,58.97400
11-10-2018,58.96420
10-10-2018,58.90410
09-10-2018,58.83790
08-10-2018,58.87800
05-10-2018,58.82720
04-10-2018,58.70680
03-10-2018,58.70470
01-10-2018,58.73430
28-09-2018,58.68910
27-09-2018,58.67210
26-09-2018,58.64220
25-09-2018,58.61760
24-09-2018,58.61480
21-09-2018,58.62890
19-09-2018,58.58670
18-09-2018,58.55280
17-09-2018,58.55730
14-09-2018,58.50080
12-09-2018,58.44940
11-09-2018,58.39070
10-09-2018,58.43130
07-09-2018,58.52340
06-09-2018,58.49800
05-09-2018,58.50880
04-09-2018,58.50620
03-09-2018,58.57020
31-08-2018,58.58050
30-08-2018,58.62030
29-08-2018,58.64020
28-08-2018,58.64830
27-08-2018,58.65850
24-08-2018,58.66090
23-08-2018,58.64420
21-08-2018,58.68810
20-08-2018,58.65270
16-08-2018,58.58140
14-08-2018,58.64410
13-08-2018,58.62760
10-08-2018,58.71620
09-08-2018,58.70830
08-08-2018,58.63760
07-08-2018,58.61410
06-08-2018,58.62750
03-08-2018,58.60270
02-08-2018,58.66220
01-08-2018,58.67550
31-07-2018,58.52220
30-07-2018,58.47360
27-07-2018,58.46980
26-07-2018,58.47590
25-07-2018,58.43560
24-07-2018,58.43400
23-07-2018,58.37210
20-07-2018,58.41230
19-07-2018,58.39500
18-07-2018,58.40880
17-07-2018,58.42150
16-07-2018,58.30540
13-07-2018,58.28730
12-07-2018,58.32730
11-07-2018,58.09600
10-07-2018,58.04050
09-07-2018,58.04110
06-07-2018,58.02000
05-07-2018,57.97130
04-07-2018,58.04970
03-07-2018,57.98450
02-07-2018,57.95040
29-06-2018,57.93950
28-06-2018,57.87110
27-06-2018,57.99910
26-06-2018,58.05700
25-06-2018,58.04710
22-06-2018,58.05170
21-06-2018,58.10810
20-06-2018,58.00130
19-06-2018,57.93970
18-06-2018,57.91220
15-06-2018,57.85780
14-06-2018,57.75820
13-06-2018,57.78800
12-06-2018,57.68310
11-06-2018,57.69690
08-06-2018,57.72110
07-06-2018,57.63340
06-06-2018,57.79670
05-06-2018,57.97160
04-06-2018,57.86220
01-06-2018,57.90280
31-05-2018,57.90230
30-05-2018,58.03630
29-05-2018,58.09070
28-05-2018,58.13390
25-05-2018,57.96540
24-05-2018,57.72070
23-05-2018,57.79510
22-05-2018,57.89050
21-05-2018,57.86280
18-05-2018,57.77510
17-05-2018,57.64560
16-05-2018,57.57160
15-05-2018,57.55560
14-05-2018,57.67380
11-05-2018,57.79930
10-05-2018,57.81350
09-05-2018,57.81480
08-05-2018,58.02290
07-05-2018,57.90380
04-05-2018,57.75060
03-05-2018,57.74320
02-05-2018,57.73730
27-04-2018,57.65200
26-04-2018,57.66720
25-04-2018,57.72290
24-04-2018,57.86300
23-04-2018,57.69330
20-04-2018,57.72240
19-04-2018,57.93250
18-04-2018,58.27530
17-04-2018,58.42730
16-04-2018,58.42620
13-04-2018,58.57810
12-04-2018,58.40550
11-04-2018,58.24280
10-04-2018,58.52650
09-04-2018,58.86600
06-04-2018,58.99600
05-04-2018,59.16620
04-04-2018,58.64890
03-04-2018,58.51800
28-03-2018,58.24230
27-03-2018,58.46160
26-03-2018,57.31680
23-03-2018,57.43510
22-03-2018,57.41020
21-03-2018,57.34970
20-03-2018,57.24350
19-03-2018,57.25520
16-03-2018,57.38160
15-03-2018,57.16030
14-03-2018,57.01200
13-03-2018,57.03770
12-03-2018,57.07820
09-03-2018,56.94570
08-03-2018,56.95060
07-03-2018,56.89300
06-03-2018,56.57940
05-03-2018,56.55040
01-03-2018,56.58590
28-02-2018,56.63620
27-02-2018,56.77600
26-02-2018,56.70420
23-02-2018,56.71310
22-02-2018,56.50600
21-02-2018,56.58370
20-02-2018,56.70350
16-02-2018,56.91870
15-02-2018,56.93140
14-02-2018,57.13220
12-02-2018,57.10520
09-02-2018,57.05250
08-02-2018,57.16980
07-02-2018,56.95490
06-02-2018,56.85320
05-02-2018,56.76030
02-02-2018,56.82320
01-02-2018,56.76330
31-01-2018,57.10820
30-01-2018,57.08920
29-01-2018,57.04080
25-01-2018,57.35530
24-01-2018,57.42440
23-01-2018,57.49450
22-01-2018,57.34810
19-01-2018,57.27550
18-01-2018,57.28570
17-01-2018,57.40090
16-01-2018,57.00770
15-01-2018,57.28040
12-01-2018,57.26650
11-01-2018,57.27270
10-01-2018,57.28740
09-01-2018,57.47320
08-01-2018,57.57680
05-01-2018,57.63810
04-01-2018,57.36010
03-01-2018,57.41170
02-01-2018,57.34300
01-01-2018,57.42540
29-12-2017,57.40320
28-12-2017,57.15330
27-12-2017,57.66640
26-12-2017,57.55640
22-12-2017,57.56500
21-12-2017,57.68890
20-12-2017,57.69570
19-12-2017,57.77530
18-12-2017,57.77080
15-12-2017,57.86760
14-12-2017,57.84680
13-12-2017,57.71760
12-12-2017,57.72550
11-12-2017,57.79390
08-12-2017,58.05610
07-12-2017,58.19940
06-12-2017,58.25590
05-12-2017,58.14390
04-12-2017,58.04840
30-11-2017,58.10970
29-11-2017,58.25410
28-11-2017,58.21650
27-11-2017,58.14010
24-11-2017,58.24450
23-11-2017,58.22600
22-11-2017,58.28170
21-11-2017,58.50040
20-11-2017,58.54300
17-11-2017,57.94580
16-11-2017,57.93910
15-11-2017,58.07970
14-11-2017,57.98170
13-11-2017,58.26040
10-11-2017,58.30620
09-11-2017,58.44540
08-11-2017,58.38500
07-11-2017,58.42160
06-11-2017,58.46840
03-11-2017,58.57680
02-11-2017,58.53520
01-11-2017,58.42060
31-10-2017,58.49230
30-10-2017,58.30910
27-10-2017,58.58220
26-10-2017,58.55670
25-10-2017,58.48840
24-10-2017,58.59190
23-10-2017,58.49800
18-10-2017,58.65740
17-10-2017,58.59200
16-10-2017,58.72080
13-10-2017,58.65380
12-10-2017,58.51860
11-10-2017,58.53890
10-10-2017,58.45910
09-10-2017,58.35090
06-10-2017,58.41620
05-10-2017,58.50010
04-10-2017,58.65470
03-10-2017,58.82460
29-09-2017,58.70950
28-09-2017,58.70030
27-09-2017,58.63980
26-09-2017,58.67450
25-09-2017,58.86390
22-09-2017,58.67250
21-09-2017,58.63410
20-09-2017,58.98990
19-09-2017,58.92740
18-09-2017,58.90380
15-09-2017,58.93890
14-09-2017,59.02920
13-09-2017,59.05180
12-09-2017,59.15510
11-09-2017,59.16390
08-09-2017,59.18200
07-09-2017,59.24500
06-09-2017,59.27350
05-09-2017,59.24580
04-09-2017,59.23800
01-09-2017,59.27690
31-08-2017,59.08530
30-08-2017,59.05730
29-08-2017,59.08400
28-08-2017,58.95200
24-08-2017,59.00220
23-08-2017,59.00540
22-08-2017,58.98080
21-08-2017,59.04560
18-08-2017,59.05210
16-08-2017,58.98910
14-08-2017,59.03860
11-08-2017,59.05990
10-08-2017,59.07260
09-08-2017,59.17170
08-08-2017,59.19730
07-08-2017,59.20160
04-08-2017,59.28210
03-08-2017,59.29730
02-08-2017,59.09770
01-08-2017,59.16250
31-07-2017,59.07040
28-07-2017,59.09230
27-07-2017,59.17550
26-07-2017,59.15080
25-07-2017,59.20140
24-07-2017,59.31160
21-07-2017,59.22030
20-07-2017,59.05970
19-07-2017,59.06850
18-07-2017,58.98440
17-07-2017,58.94760
14-07-2017,58.90140
13-07-2017,58.95320
12-07-2017,58.93230
11-07-2017,58.86210
10-07-2017,58.94890
07-07-2017,58.63410
06-07-2017,58.58100
05-07-2017,58.55410
04-07-2017,58.51800
03-07-2017,58.59100
30-06-2017,58.90690
29-06-2017,58.94250
28-06-2017,58.92700
27-06-2017,59.15390
23-06-2017,59.19130
22-06-2017,59.18480
21-06-2017,59.30760
20-06-2017,59.26420
19-06-2017,59.16980
16-06-2017,59.03320
15-06-2017,59.05740
14-06-2017,59.09790
13-06-2017,59.05620
12-06-2017,58.98590
09-06-2017,59.04990
08-06-2017,58.95810
07-06-2017,58.58440
06-06-2017,57.97020
05-06-2017,57.85290
02-06-2017,57.85070
01-06-2017,57.85460
31-05-2017,57.56500
30-05-2017,57.54070
29-05-2017,57.52650
26-05-2017,57.57860
25-05-2017,57.52610
24-05-2017,57.43760
23-05-2017,57.45600
22-05-2017,57.47460
19-05-2017,57.18730
18-05-2017,57.22490
17-05-2017,57.15840
16-05-2017,57.15050
15-05-2017,57.24700
12-05-2017,56.77110
11-05-2017,56.58030
09-05-2017,56.52040
08-05-2017,56.57630
05-05-2017,56.39460
04-05-2017,56.30320
03-05-2017,56.35080
02-05-2017,56.23200
28-04-2017,56.32750
27-04-2017,56.29640
26-04-2017,56.28820
25-04-2017,56.40480
24-04-2017,56.27520
21-04-2017,56.24670
20-04-2017,56.37380
19-04-2017,56.44180
18-04-2017,56.33410
17-04-2017,56.32800
13-04-2017,56.36320
12-04-2017,56.24130
11-04-2017,56.15010
10-04-2017,56.00420
07-04-2017,55.99670
06-04-2017,56.01010
05-04-2017,56.42830
03-04-2017,56.34570
31-03-2017,56.36080
30-03-2017,56.36640
29-03-2017,56.32760
27-03-2017,56.53640
24-03-2017,56.14160
23-03-2017,56.12810
22-03-2017,56.12670
21-03-2017,55.73670
20-03-2017,55.64860
17-03-2017,55.72240
16-03-2017,55.74210
15-03-2017,55.67920
14-03-2017,55.29110
10-03-2017,55.25180
09-03-2017,55.46080
08-03-2017,55.46970
07-03-2017,55.51340
06-03-2017,55.49760
03-03-2017,55.68130
02-03-2017,55.47810
01-03-2017,55.38270
28-02-2017,55.66190
27-02-2017,55.65340
23-02-2017,55.51850
22-02-2017,55.36660
20-02-2017,55.51110
17-02-2017,55.71940
16-02-2017,55.73370
15-02-2017,55.63360
14-02-2017,55.60840
13-02-2017,55.73320
10-02-2017,55.75690
09-02-2017,55.54790
08-02-2017,56.12040
07-02-2017,57.66520
06-02-2017,57.73700
03-02-2017,57.77090
02-02-2017,57.81420
01-02-2017,57.67590
31-01-2017,57.65250
30-01-2017,57.66520
27-01-2017,57.67700
25-01-2017,57.64750
24-01-2017,57.57840
23-01-2017,57.53110
20-01-2017,57.50490
19-01-2017,57.53460
18-01-2017,57.60870
17-01-2017,57.70300
16-01-2017,57.64710
13-01-2017,57.70650
12-01-2017,57.83730
11-01-2017,57.66690
10-01-2017,57.69130
09-01-2017,57.68680
06-01-2017,57.72110
05-01-2017,57.80810
04-01-2017,57.87410
03-01-2017,57.65690
02-01-2017,57.94800
30-12-2016,57.00670
29-12-2016,56.88630
28-12-2016,56.50450
27-12-2016,56.47710
26-12-2016,56.59670
23-12-2016,56.76820
22-12-2016,56.91270
21-12-2016,57.20380
20-12-2016,57.11210
19-12-2016,57.04970
16-12-2016,57.03600
15-12-2016,57.00070
14-12-2016,57.58230
13-12-2016,57.52420
09-12-2016,57.44150
08-12-2016,57.65360
07-12-2016,57.70800
06-12-2016,58.66860
05-12-2016,58.63350
02-12-2016,58.52500
01-12-2016,58.71370
30-11-2016,58.61910
29-11-2016,58.21770
28-11-2016,58.26250
25-11-2016,58.65540
24-11-2016,58.85940
23-11-2016,58.38770
22-11-2016,58.01310
21-11-2016,57.85990
18-11-2016,57.23340
17-11-2016,57.36440
16-11-2016,57.28330
15-11-2016,56.91240
11-11-2016,56.11540
10-11-2016,56.27720
09-11-2016,56.11530
08-11-2016,55.61200
07-11-2016,55.55130
04-11-2016,55.50560
03-11-2016,55.58000
02-11-2016,55.59600
01-11-2016,55.59110
28-10-2016,55.63450
27-10-2016,55.65960
26-10-2016,55.71170
25-10-2016,55.69210
24-10-2016,55.72360
21-10-2016,55.71220
20-10-2016,55.69800
19-10-2016,55.72790
18-10-2016,55.75930
17-10-2016,55.67000
14-10-2016,55.65450
13-10-2016,55.76910
10-10-2016,55.81440
07-10-2016,55.70760
06-10-2016,55.81830
05-10-2016,55.90490
04-10-2016,55.70470
03-10-2016,55.64970
30-09-2016,55.42910
29-09-2016,55.28320
28-09-2016,55.60040
27-09-2016,55.56530
26-09-2016,55.44370
23-09-2016,55.21540
22-09-2016,55.13840
21-09-2016,54.90800
20-09-2016,54.82800
19-09-2016,54.89760
16-09-2016,54.88020
15-09-2016,54.84420
14-09-2016,54.81610
12-09-2016,54.85380
09-09-2016,54.93880
08-09-2016,54.95220
07-09-2016,54.94110
06-09-2016,54.74380
02-09-2016,54.63460
01-09-2016,54.66740
31-08-2016,54.65940
30-08-2016,54.64860
29-08-2016,54.57530
26-08-2016,54.49990
25-08-2016,54.47700
24-08-2016,54.41120
23-08-2016,54.27410
22-08-2016,54.24110
19-08-2016,54.42250
18-08-2016,54.30530
16-08-2016,54.44150
12-08-2016,54.45270
11-08-2016,54.44550
10-08-2016,54.31760
09-08-2016,54.13600
08-08-2016,53.88250
05-08-2016,53.85190
04-08-2016,53.82980
03-08-2016,53.73960
02-08-2016,53.84080
01-08-2016,53.92680
29-07-2016,53.78240
28-07-2016,53.70160
27-07-2016,53.36270
26-07-2016,53.33910
25-07-2016,53.31940
22-07-2016,53.25950
21-07-2016,53.21760
20-07-2016,53.12140
19-07-2016,53.01790
18-07-2016,52.89310
15-07-2016,52.92470
14-07-2016,52.85790
13-07-2016,52.83310
12-07-2016,52.65570
11-07-2016,52.48310
08-07-2016,52.42620
07-07-2016,52.34880
05-07-2016,52.28710
04-07-2016,52.14550
01-07-2016,52.13600
30-06-2016,52.06550
29-06-2016,52.08730
28-06-2016,51.98560
27-06-2016,51.91160
24-06-2016,51.74510
23-06-2016,51.70020
22-06-2016,51.67420
21-06-2016,51.56990
20-06-2016,51.53090
17-06-2016,51.49880
16-06-2016,51.48830
15-06-2016,51.44300
14-06-2016,51.43240
13-06-2016,51.40190
10-06-2016,51.46930
09-06-2016,51.49690
08-06-2016,51.49340
07-06-2016,51.49130
06-06-2016,51.51890
03-06-2016,51.45480
02-06-2016,51.41440
01-06-2016,51.36910
31-05-2016,51.42930
30-05-2016,51.44190
27-05-2016,51.38700
26-05-2016,51.38940
25-05-2016,51.40560
24-05-2016,51.40960
23-05-2016,51.42070
20-05-2016,51.36730
19-05-2016,51.38140
18-05-2016,51.35080
17-05-2016,51.41480
16-05-2016,51.42030
13-05-2016,51.40570
12-05-2016,51.44580
11-05-2016,51.42970
10-05-2016,51.42240
09-05-2016,51.41210
06-05-2016,51.34640
05-05-2016,51.32620
04-05-2016,51.31770
03-05-2016,51.26720
02-05-2016,51.30570
29-04-2016,51.30680
28-04-2016,51.20740
27-04-2016,51.16460
26-04-2016,51.15750
25-04-2016,51.15840
22-04-2016,51.18130
21-04-2016,51.12740
20-04-2016,51.25760
18-04-2016,51.25540
13-04-2016,51.18150
12-04-2016,51.27810
11-04-2016,51.21690
07-04-2016,51.07140
06-04-2016,50.87290
05-04-2016,50.83600
04-04-2016,50.83300
31-03-2016,50.53240
30-03-2016,50.39720
29-03-2016,50.38840
28-03-2016,50.51530
23-03-2016,50.42720
22-03-2016,50.42400
21-03-2016,50.47020
18-03-2016,50.04780
17-03-2016,49.95440
16-03-2016,49.65840
15-03-2016,49.49670
14-03-2016,49.36470
11-03-2016,49.20740
10-03-2016,49.17870
09-03-2016,49.15020
08-03-2016,49.17930
04-03-2016,49.12160
03-03-2016,48.90070
02-03-2016,48.94610
01-03-2016,48.96040
29-02-2016,48.90760
26-02-2016,48.12700
25-02-2016,47.90420
24-02-2016,48.07260
23-02-2016,48.13290
22-02-2016,48.35910
18-02-2016,48.48460
17-02-2016,48.40300
16-02-2016,48.47790
15-02-2016,48.57170
12-02-2016,48.64130
11-02-2016,48.65450
10-02-2016,48.61730
09-02-2016,48.60870
08-02-2016,48.63980
05-02-2016,48.63090
04-02-2016,48.62180
03-02-2016,48.56310
02-02-2016,48.58020
01-02-2016,48.78150
29-01-2016,48.80170
28-01-2016,48.73480
27-01-2016,48.82850
25-01-2016,48.78010
22-01-2016,48.86350
21-01-2016,49.04510
20-01-2016,48.87050
19-01-2016,48.76290
18-01-2016,48.70580
15-01-2016,48.70280
14-01-2016,48.89650
13-01-2016,48.97840
12-01-2016,49.06830
11-01-2016,49.11260
08-01-2016,49.11000
07-01-2016,49.07570
06-01-2016,49.03870
05-01-2016,49.03880
04-01-2016,49.02410
01-01-2016,49.00090
31-12-2015,48.93470
30-12-2015,48.93540
29-12-2015,48.91050
28-12-2015,48.95890
23-12-2015,48.96510
22-12-2015,48.87760
21-12-2015,48.82900
18-12-2015,48.90110
17-12-2015,49.01040
16-12-2015,49.00220
15-12-2015,48.82420
14-12-2015,48.77740
11-12-2015,48.91130
10-12-2015,48.87400
09-12-2015,48.89160
08-12-2015,48.87110
07-12-2015,48.99780
04-12-2015,48.98690
03-12-2015,49.14630
02-12-2015,49.00590
01-12-2015,49.06590
30-11-2015,48.90370
27-11-2015,48.94590
26-11-2015,49.14030
24-11-2015,49.19160
23-11-2015,49.10990
20-11-2015,49.15910
19-11-2015,49.30340
18-11-2015,49.26970
17-11-2015,49.29070
16-11-2015,49.32600
13-11-2015,49.34410
10-11-2015,49.18680
09-11-2015,49.07550
06-11-2015,49.21470
05-11-2015,49.27000
04-11-2015,49.37680
03-11-2015,49.41700
02-11-2015,49.42510
30-10-2015,49.34410
29-10-2015,49.36480
28-10-2015,49.45310
27-10-2015,49.41500
26-10-2015,49.38280
23-10-2015,49.45240
21-10-2015,49.48160
20-10-2015,49.47310
19-10-2015,49.44920
16-10-2015,49.45220
15-10-2015,49.45630
14-10-2015,49.40580
13-10-2015,49.37330
12-10-2015,49.34270
09-10-2015,49.47550
08-10-2015,49.46140
07-10-2015,49.41610
06-10-2015,49.46020
05-10-2015,49.50070
01-10-2015,49.28810
30-09-2015,49.34290
29-09-2015,49.05510
28-09-2015,48.67860
24-09-2015,48.68380
23-09-2015,48.68810
22-09-2015,48.67350
21-09-2015,48.74310
18-09-2015,48.73300
16-09-2015,48.47400
15-09-2015,48.40750
14-09-2015,48.40420
11-09-2015,48.32170
10-09-2015,48.29270
09-09-2015,48.33780
08-09-2015,48.29920
07-09-2015,48.20690
04-09-2015,48.29880
03-09-2015,48.35150
02-09-2015,48.34180
01-09-2015,48.30740
31-08-2015,48.18350
28-08-2015,48.19320
27-08-2015,48.21650
26-08-2015,48.10130
25-08-2015,48.01720
24-08-2015,47.80570
21-08-2015,48.10490
20-08-2015,48.22820
19-08-2015,48.22990
17-08-2015,48.18250
14-08-2015,48.16230
13-08-2015,48.09380
12-08-2015,47.91780
11-08-2015,47.91480
10-08-2015,47.91850
07-08-2015,47.84570
06-08-2015,47.84930
05-08-2015,47.75820
04-08-2015,47.74940
03-08-2015,47.86100
31-07-2015,47.83150
30-07-2015,47.76190
29-07-2015,47.77670
28-07-2015,47.76730
27-07-2015,47.58690
24-07-2015,47.54760
23-07-2015,47.57170
22-07-2015,47.51010
21-07-2015,47.48280
20-07-2015,47.47610
17-07-2015,47.46780
16-07-2015,47.43220
15-07-2015,47.44690
14-07-2015,47.47090
13-07-2015,47.39160
10-07-2015,47.63130
09-07-2015,47.63110
08-07-2015,47.66980
07-07-2015,47.63460
06-07-2015,47.64910
03-07-2015,47.40880
02-07-2015,47.34470
01-07-2015,47.28580
30-06-2015,47.18860
29-06-2015,47.04220
26-06-2015,47.14410
25-06-2015,47.17800
24-06-2015,47.30020
23-06-2015,47.42030
22-06-2015,47.46870
19-06-2015,47.48950
18-06-2015,47.21640
17-06-2015,46.92580
16-06-2015,46.76460
15-06-2015,46.83000
12-06-2015,46.76690
11-06-2015,46.83290
10-06-2015,47.00900
09-06-2015,47.12100
08-06-2015,47.05030
05-06-2015,47.09340
04-06-2015,47.09440
03-06-2015,47.31930
02-06-2015,47.43860
01-06-2015,47.76240
29-05-2015,47.78960
28-05-2015,47.70930
27-05-2015,47.65430
26-05-2015,47.62750
25-05-2015,47.69360
22-05-2015,47.70620
21-05-2015,47.64980
20-05-2015,47.65220
19-05-2015,47.58890
18-05-2015,47.37130
15-05-2015,47.27790
14-05-2015,47.30210
13-05-2015,47.27170
12-05-2015,47.36750
11-05-2015,47.48440
08-05-2015,47.21290
07-05-2015,47.32840
06-05-2015,47.59870
05-05-2015,47.79520
30-04-2015,47.68110
29-04-2015,47.78450
28-04-2015,47.88800
27-04-2015,47.86040
24-04-2015,47.83880
23-04-2015,47.92440
22-04-2015,47.92980
21-04-2015,47.86120
20-04-2015,47.81670
17-04-2015,47.78610
16-04-2015,47.77340
15-04-2015,47.78690
13-04-2015,47.73930
10-04-2015,47.72770
09-04-2015,47.78300
08-04-2015,47.75010
07-04-2015,47.77190
06-04-2015,47.95840
31-03-2015,47.82320
30-03-2015,47.64900
27-03-2015,47.56070
26-03-2015,47.49580
25-03-2015,47.56550
24-03-2015,47.65250
23-03-2015,47.68670
20-03-2015,47.67400
19-03-2015,47.66150
18-03-2015,47.56440
17-03-2015,47.60160
16-03-2015,47.53340
13-03-2015,47.51800
12-03-2015,47.71060
11-03-2015,47.63380
10-03-2015,47.63250
09-03-2015,47.70420
05-03-2015,47.82000
04-03-2015,47.90610
03-03-2015,47.70880
02-03-2015,47.76720
27-02-2015,47.77880
26-02-2015,47.73430
25-02-2015,47.80030
24-02-2015,47.76020
23-02-2015,47.79680
20-02-2015,47.81120
18-02-2015,47.76140
16-02-2015,47.76170
13-02-2015,47.78560
12-02-2015,47.61860
11-02-2015,47.66960
10-02-2015,47.68640
09-02-2015,47.68670
06-02-2015,47.73120
05-02-2015,47.71830
04-02-2015,47.64970
03-02-2015,47.63960
02-02-2015,47.84320
30-01-2015,47.64570
29-01-2015,47.59670
28-01-2015,47.61520
27-01-2015,47.56100
23-01-2015,47.54430
22-01-2015,47.48340
21-01-2015,47.52440
20-01-2015,47.33900
19-01-2015,47.25450
16-01-2015,47.30210
15-01-2015,47.19230
14-01-2015,46.77350
13-01-2015,46.77010
12-01-2015,46.62250
09-01-2015,46.46800
08-01-2015,46.42330
07-01-2015,46.39840
06-01-2015,46.25070
05-01-2015,46.27210
02-01-2015,46.32890
01-01-2015,46.35570
31-12-2014,46.48620
30-12-2014,46.41650
29-12-2014,46.23560
26-12-2014,46.07930
24-12-2014,46.13910
23-12-2014,46.21700
22-12-2014,46.10120
19-12-2014,46.12340
18-12-2014,46.24360
17-12-2014,46.12080
16-12-2014,46.09000
15-12-2014,46.64340
12-12-2014,46.64990
11-12-2014,46.49460
10-12-2014,46.29840
09-12-2014,46.30320
08-12-2014,46.18690
05-12-2014,46.09560
04-12-2014,45.95580
03-12-2014,45.93060
02-12-2014,45.93070
01-12-2014,45.58960
28-11-2014,45.45440
27-11-2014,45.23260
26-11-2014,45.22710
25-11-2014,45.19110
24-11-2014,45.17110
21-11-2014,45.11370
20-11-2014,45.11340
19-11-2014,45.10730
18-11-2014,45.11270
17-11-2014,45.01990
14-11-2014,44.88010
13-11-2014,44.91830
12-11-2014,45.07500
11-11-2014,45.01290
10-11-2014,45.05090
07-11-2014,44.94100
05-11-2014,44.98690
03-11-2014,44.74220
31-10-2014,44.62420
30-10-2014,44.48190
29-10-2014,44.35950
28-10-2014,44.32240
27-10-2014,44.25890
22-10-2014,44.07520
21-10-2014,43.98880
20-10-2014,43.95670
17-10-2014,43.82080
16-10-2014,43.84770
14-10-2014,43.73510
13-10-2014,43.66210
10-10-2014,43.53160
09-10-2014,43.48600
08-10-2014,43.62570
07-10-2014,43.48490
01-10-2014,43.36620
30-09-2014,43.26600
29-09-2014,43.34320
26-09-2014,43.45640
25-09-2014,43.32160
24-09-2014,43.31160
23-09-2014,43.32250
22-09-2014,43.40040
19-09-2014,43.33700
18-09-2014,43.35360
17-09-2014,43.17610
16-09-2014,43.14640
15-09-2014,43.13210
12-09-2014,43.08290
11-09-2014,43.07460
10-09-2014,42.96710
09-09-2014,43.02250
08-09-2014,43.07030
05-09-2014,42.98700
04-09-2014,42.94540
03-09-2014,42.97150
02-09-2014,42.94220
01-09-2014,42.88570
28-08-2014,42.89330
27-08-2014,42.86850
26-08-2014,42.80270
25-08-2014,42.80410
22-08-2014,42.89530
21-08-2014,42.90840
20-08-2014,42.94220
19-08-2014,42.72150
14-08-2014,42.68940
13-08-2014,42.55720
12-08-2014,42.38560
11-08-2014,42.47290
08-08-2014,42.37170
07-08-2014,42.34770
06-08-2014,42.30900
05-08-2014,42.42470
04-08-2014,42.68630
01-08-2014,42.64950
31-07-2014,42.70150
30-07-2014,42.64310
28-07-2014,42.74420
25-07-2014,42.82490
24-07-2014,42.94120
23-07-2014,42.92600
22-07-2014,42.83050
21-07-2014,42.75130
18-07-2014,42.58820
17-07-2014,42.65740
16-07-2014,42.61340
15-07-2014,42.55880
14-07-2014,42.40810
11-07-2014,42.46260
10-07-2014,42.50000
09-07-2014,42.56730
08-07-2014,42.55790
07-07-2014,42.63110
04-07-2014,42.69530
03-07-2014,42.64770
02-07-2014,42.63580
30-06-2014,42.42000
27-06-2014,42.39940
26-06-2014,42.44060
25-06-2014,42.47060
24-06-2014,42.47720
23-06-2014,42.32820
20-06-2014,42.40840
19-06-2014,42.50240
18-06-2014,42.53070
17-06-2014,42.68430
16-06-2014,42.60430
13-06-2014,42.63250
12-06-2014,42.74440
11-06-2014,42.79030
10-06-2014,42.74570
09-06-2014,42.78190
06-06-2014,42.90730
05-06-2014,42.71980
04-06-2014,42.42990
03-06-2014,42.35730
02-06-2014,42.14270
30-05-2014,42.14650
29-05-2014,41.92530
28-05-2014,41.82530
27-05-2014,41.79910
26-05-2014,41.71100
23-05-2014,41.80680
22-05-2014,41.62250
21-05-2014,41.51960
20-05-2014,41.34380
19-05-2014,41.27540
16-05-2014,41.21820
15-05-2014,41.22180
13-05-2014,41.16780
12-05-2014,41.24570
09-05-2014,41.21160
08-05-2014,41.14420
07-05-2014,41.07990
06-05-2014,41.12210
05-05-2014,41.16800
02-05-2014,40.96340
30-04-2014,40.90470
29-04-2014,40.88550
28-04-2014,40.77490
25-04-2014,40.69910
23-04-2014,40.77220
22-04-2014,40.78890
21-04-2014,40.67970
17-04-2014,40.63800
16-04-2014,40.40900
15-04-2014,40.41300
11-04-2014,40.36670
10-04-2014,40.29300
09-04-2014,40.25650
07-04-2014,40.18150
04-04-2014,40.14840
03-04-2014,40.14970
02-04-2014,40.19950
28-03-2014,40.40730
27-03-2014,40.36910
26-03-2014,40.37260
25-03-2014,40.34690
24-03-2014,40.33540
21-03-2014,40.27680
20-03-2014,40.22140
19-03-2014,40.27500
18-03-2014,40.20750
14-03-2014,40.16830
13-03-2014,40.22510
12-03-2014,40.22820
11-03-2014,40.15650
10-03-2014,40.09290
07-03-2014,39.99880
06-03-2014,40.02260
05-03-2014,39.91050
04-03-2014,39.91320
03-03-2014,39.80400
28-02-2014,39.86100
26-02-2014,39.68980
25-02-2014,39.75210
24-02-2014,39.75450
21-02-2014,39.91500
20-02-2014,39.91960
18-02-2014,39.92800
17-02-2014,39.87940
14-02-2014,39.86810
13-02-2014,39.77010
12-02-2014,39.85240
11-02-2014,40.00990
10-02-2014,40.09440
07-02-2014,40.06040
06-02-2014,40.05480
05-02-2014,40.05210
04-02-2014,40.11530
03-02-2014,39.95420
31-01-2014,39.86150
30-01-2014,39.74640
29-01-2014,39.87780
28-01-2014,39.94780
27-01-2014,39.96710
24-01-2014,40.05480
23-01-2014,40.29610
22-01-2014,40.39440
21-01-2014,40.48050
20-01-2014,40.55910
17-01-2014,40.26430
16-01-2014,40.33760
15-01-2014,40.29960
13-01-2014,40.11560
10-01-2014,39.98950
09-01-2014,39.91190
08-01-2014,39.80070
07-01-2014,39.84160
06-01-2014,39.85830
03-01-2014,39.70680
02-01-2014,39.64110
01-01-2014,39.61000
31-12-2013,39.70060
30-12-2013,39.61210
27-12-2013,39.40330
26-12-2013,39.48670
24-12-2013,39.48890
23-12-2013,39.55150
20-12-2013,39.63780
19-12-2013,39.74090
18-12-2013,39.45390
17-12-2013,39.17980
16-12-2013,39.28320
13-12-2013,39.20590
12-12-2013,39.36050
11-12-2013,39.36330
10-12-2013,39.35570
09-12-2013,39.23930
06-12-2013,39.43420
05-12-2013,39.59190
04-12-2013,39.60990
03-12-2013,39.67230
02-12-2013,39.71380
29-11-2013,39.68810
28-11-2013,39.72130
27-11-2013,39.75490
26-11-2013,39.63960
25-11-2013,39.54840
22-11-2013,39.48600
21-11-2013,39.50560
20-11-2013,39.60240
19-11-2013,39.63790
18-11-2013,39.52210
14-11-2013,39.36750
13-11-2013,39.56610
12-11-2013,39.13630
11-11-2013,39.38110
08-11-2013,39.22760
07-11-2013,39.57940
06-11-2013,39.70400
05-11-2013,39.83560
01-11-2013,39.85670
31-10-2013,39.95580
30-10-2013,40.00630
29-10-2013,39.97160
28-10-2013,39.69340
25-10-2013,39.84320
24-10-2013,39.85340
23-10-2013,39.75840
22-10-2013,39.78710
21-10-2013,39.78050
18-10-2013,39.88270
17-10-2013,39.74930
15-10-2013,39.56950
14-10-2013,39.75110
11-10-2013,39.95690
10-10-2013,40.07540
09-10-2013,40.02120
08-10-2013,39.89600
07-10-2013,39.39750
04-10-2013,39.47350
03-10-2013,39.36440
01-10-2013,39.14680
30-09-2013,39.04300
27-09-2013,39.12160
26-09-2013,39.06050
25-09-2013,38.88640
24-09-2013,38.84480
23-09-2013,38.85840
20-09-2013,39.61630
19-09-2013,40.40800
18-09-2013,39.77990
17-09-2013,39.60270
16-09-2013,39.55570
13-09-2013,39.44680
12-09-2013,39.44410
11-09-2013,39.56350
10-09-2013,39.53920
06-09-2013,39.31120
05-09-2013,39.64900
04-09-2013,39.68470
03-09-2013,39.42580
02-09-2013,39.57040
30-08-2013,39.06570
29-08-2013,38.93120
28-08-2013,38.53290
27-08-2013,39.01980
26-08-2013,39.86770
23-08-2013,39.93350
22-08-2013,40.15450
21-08-2013,39.75890
20-08-2013,38.31010
19-08-2013,37.59890
16-08-2013,38.27740
14-08-2013,39.10360
13-08-2013,39.33680
12-08-2013,39.64220
08-08-2013,40.16310
07-08-2013,40.07690
06-08-2013,40.07830
05-08-2013,40.18910
02-08-2013,39.94590
01-08-2013,40.40190
31-07-2013,40.15810
30-07-2013,40.10940
29-07-2013,40.50200
26-07-2013,40.49530
25-07-2013,40.42950
24-07-2013,40.09680
23-07-2013,40.58710
22-07-2013,40.75860
19-07-2013,41.15670
18-07-2013,41.13750
17-07-2013,40.85430
16-07-2013,40.89660
15-07-2013,42.57570
12-07-2013,42.64710
11-07-2013,42.87210
10-07-2013,42.69670
09-07-2013,42.63580
08-07-2013,42.47010
05-07-2013,42.64350
04-07-2013,42.77190
03-07-2013,42.52120
02-07-2013,42.65280
28-06-2013,42.70520
27-06-2013,42.50670
26-06-2013,42.44940
25-06-2013,42.65060
24-06-2013,42.63270
21-06-2013,42.83820
20-06-2013,42.80500
19-06-2013,43.24180
18-06-2013,43.22300
17-06-2013,43.26080
14-06-2013,43.07350
13-06-2013,43.02940
12-06-2013,43.11720
11-06-2013,43.06570
10-06-2013,43.14350
07-06-2013,43.26780
06-06-2013,43.32960
05-06-2013,43.33650
04-06-2013,43.37030
03-06-2013,43.20730
31-05-2013,43.21910
30-05-2013,43.23180
29-05-2013,43.31310
28-05-2013,43.40990
27-05-2013,43.43310
24-05-2013,43.38580
23-05-2013,43.28910
22-05-2013,43.28730
21-05-2013,43.30440
20-05-2013,43.26420
17-05-2013,43.06740
16-05-2013,43.10370
15-05-2013,42.88890
14-05-2013,42.75090
13-05-2013,42.41830
10-05-2013,42.36870
09-05-2013,42.30480
08-05-2013,41.98070
07-05-2013,41.79320
06-05-2013,41.71890
03-05-2013,41.72410
02-05-2013,41.75710
30-04-2013,41.71420
29-04-2013,41.66790
26-04-2013,41.68690
25-04-2013,41.60900
23-04-2013,41.68170
22-04-2013,41.58950
18-04-2013,41.49460
17-04-2013,41.39000
16-04-2013,41.29360
15-04-2013,41.24430
12-04-2013,41.07420
10-04-2013,40.94410
09-04-2013,40.95160
08-04-2013,40.85480
05-04-2013,40.73470
04-04-2013,40.65480
03-04-2013,40.61340
02-04-2013,40.55030
28-03-2013,40.60300
26-03-2013,40.49240
25-03-2013,40.50540
22-03-2013,40.48660
21-03-2013,40.50880
20-03-2013,40.51170
19-03-2013,40.57610
18-03-2013,40.63790
15-03-2013,40.67930
14-03-2013,40.66450
13-03-2013,40.60350
12-03-2013,40.63140
11-03-2013,40.71860
08-03-2013,40.71480
07-03-2013,40.64880
06-03-2013,40.64760
05-03-2013,40.61110
04-03-2013,40.57770
01-03-2013,40.51190
28-02-2013,40.55380
27-02-2013,40.76400
26-02-2013,40.74150
25-02-2013,40.79640
22-02-2013,40.79210
21-02-2013,40.75080
20-02-2013,40.77410
18-02-2013,40.72120
15-02-2013,40.70580
14-02-2013,40.73560
13-02-2013,40.67060
12-02-2013,40.58200
11-02-2013,40.62260
08-02-2013,40.63710
07-02-2013,40.54160
06-02-2013,40.39880
05-02-2013,40.33450
04-02-2013,40.30290
01-02-2013,40.36340
31-01-2013,40.32570
30-01-2013,40.37880
29-01-2013,40.48430
28-01-2013,40.47070
24-01-2013,40.40790
23-01-2013,40.45570
22-01-2013,40.52520
21-01-2013,40.51460
18-01-2013,40.51720
17-01-2013,40.55790
16-01-2013,40.44150
15-01-2013,40.61430
14-01-2013,40.71070
11-01-2013,40.47190
10-01-2013,40.42510
09-01-2013,40.34510
08-01-2013,40.30040
07-01-2013,40.29980
04-01-2013,40.15590
03-01-2013,40.04140
02-01-2013,39.92990
01-01-2013,39.91260
31-12-2012,39.67540
28-12-2012,39.54740
27-12-2012,39.50830
26-12-2012,39.46400
24-12-2012,39.40890
21-12-2012,39.35960
20-12-2012,39.34490
19-12-2012,39.34090
18-12-2012,39.36070
17-12-2012,39.36050
14-12-2012,39.31950
13-12-2012,39.26860
12-12-2012,39.22210
11-12-2012,39.22970
10-12-2012,39.24320
07-12-2012,39.24460
06-12-2012,39.17790
05-12-2012,39.17900
04-12-2012,39.12280
03-12-2012,39.06500
30-11-2012,39.03570
29-11-2012,38.92270
27-11-2012,38.94870
26-11-2012,38.90150
23-11-2012,38.84390
22-11-2012,38.87830
21-11-2012,38.94260
20-11-2012,38.95380
19-11-2012,38.97180
16-11-2012,38.96380
15-11-2012,38.96630
12-11-2012,38.90140
09-11-2012,38.88570
08-11-2012,38.92760
07-11-2012,38.91520
06-11-2012,38.92300
05-11-2012,38.86410
02-11-2012,38.84040
01-11-2012,38.85620
31-10-2012,38.81810
30-10-2012,38.90800
29-10-2012,39.02100
25-10-2012,39.01330
23-10-2012,38.98160
22-10-2012,38.99150
19-10-2012,38.99220
18-10-2012,38.96150
17-10-2012,38.89500
16-10-2012,38.85760
15-10-2012,38.78880
12-10-2012,38.76330
11-10-2012,38.74500
10-10-2012,38.75530
09-10-2012,38.77990
08-10-2012,38.75970
05-10-2012,38.70000
04-10-2012,38.73190
03-10-2012,38.71750
01-10-2012,38.66100
28-09-2012,38.61220
27-09-2012,38.45620
26-09-2012,38.41250
25-09-2012,38.41430
24-09-2012,38.44580
21-09-2012,38.40430
20-09-2012,38.39080
18-09-2012,38.34520
17-09-2012,38.27690
14-09-2012,38.27520
13-09-2012,38.26850
12-09-2012,38.18660
11-09-2012,38.22040
10-09-2012,38.22350
07-09-2012,38.15790
06-09-2012,38.20920
05-09-2012,38.18740
04-09-2012,38.15520
03-09-2012,38.15050
31-08-2012,38.10900
30-08-2012,38.17640
29-08-2012,38.20840
28-08-2012,38.20610
27-08-2012,38.16970
24-08-2012,38.10800
23-08-2012,38.06930
22-08-2012,38.07900
21-08-2012,38.03590
17-08-2012,38.02410
16-08-2012,37.96050
14-08-2012,38.01830
13-08-2012,38.03610
10-08-2012,38.08350
09-08-2012,38.10630
08-08-2012,38.11830
07-08-2012,38.09240
06-08-2012,38.00200
03-08-2012,37.97900
02-08-2012,38.00000
01-08-2012,37.98860
31-07-2012,37.97210
30-07-2012,38.11910
27-07-2012,38.15600
26-07-2012,38.14670
25-07-2012,38.13590
24-07-2012,38.17500
23-07-2012,38.19130
20-07-2012,38.13960
19-07-2012,38.12130
18-07-2012,38.13300
17-07-2012,38.08130
16-07-2012,38.09250
13-07-2012,38.00910
12-07-2012,37.99550
11-07-2012,37.95330
10-07-2012,37.93910
09-07-2012,37.92190
06-07-2012,37.87810
05-07-2012,37.84580
04-07-2012,37.87100
03-07-2012,37.82000
29-06-2012,37.77630
28-06-2012,37.79530
27-06-2012,37.79720
26-06-2012,37.78840
25-06-2012,37.82130
22-06-2012,37.78670
21-06-2012,37.76700
20-06-2012,37.65610
19-06-2012,37.67040
18-06-2012,37.64800
15-06-2012,37.77870
14-06-2012,37.81270
13-06-2012,37.88710
12-06-2012,37.83070
11-06-2012,37.69590
08-06-2012,37.67370
07-06-2012,37.67660
06-06-2012,37.61660
05-06-2012,37.61470
04-06-2012,37.52320
01-06-2012,37.41010
31-05-2012,37.32610
30-05-2012,37.00400
29-05-2012,36.93330
28-05-2012,36.92630
25-05-2012,36.87420
24-05-2012,36.87800
23-05-2012,36.84640
22-05-2012,36.81890
21-05-2012,36.76880
18-05-2012,36.75960
17-05-2012,36.74480
16-05-2012,36.73480
15-05-2012,36.75010
14-05-2012,36.66940
11-05-2012,36.60550
10-05-2012,36.62630
09-05-2012,36.63640
08-05-2012,36.64610
07-05-2012,36.40680
04-05-2012,36.35140
03-05-2012,36.38020
02-05-2012,36.31670
30-04-2012,36.22620
27-04-2012,36.18840
26-04-2012,36.21700
25-04-2012,36.34810
24-04-2012,36.51840
23-04-2012,36.46430
20-04-2012,36.46210
19-04-2012,36.67670
18-04-2012,36.70280
17-04-2012,36.68210
16-04-2012,36.50880
13-04-2012,36.45720
12-04-2012,36.47070
11-04-2012,36.26260
10-04-2012,36.15720
09-04-2012,36.12300
04-04-2012,35.96160
03-04-2012,35.88840
30-03-2012,35.86950
29-03-2012,35.82510
28-03-2012,35.79040
27-03-2012,35.94690
26-03-2012,35.97520
22-03-2012,36.07820
21-03-2012,36.04040
20-03-2012,36.00160
19-03-2012,35.99010
16-03-2012,35.96180
15-03-2012,35.99160
14-03-2012,36.10760
13-03-2012,36.02240
12-03-2012,36.03950
09-03-2012,36.03870
07-03-2012,36.03670
06-03-2012,36.02920
05-03-2012,36.01110
02-03-2012,35.98710
01-03-2012,35.96190
29-02-2012,35.99950
28-02-2012,35.98910
27-02-2012,35.94190
24-02-2012,35.90850
23-02-2012,35.95720
22-02-2012,35.97590
21-02-2012,36.04260
17-02-2012,36.01160
15-02-2012,36.01350
14-02-2012,36.01140
13-02-2012,35.93280
10-02-2012,35.95320
09-02-2012,35.74380
08-02-2012,35.82470
07-02-2012,35.88950
06-02-2012,35.89790
03-02-2012,35.90430
02-02-2012,35.97870
01-02-2012,35.97170
31-01-2012,35.62320
30-01-2012,35.59150
27-01-2012,35.46750
25-01-2012,35.52110
24-01-2012,35.44300
23-01-2012,35.77410
20-01-2012,35.74640
19-01-2012,35.77750
18-01-2012,35.71990
17-01-2012,35.66730
16-01-2012,35.65280
13-01-2012,35.64810
12-01-2012,35.45060
11-01-2012,35.51760
10-01-2012,35.48820
09-01-2012,35.52370
06-01-2012,35.46260
05-01-2012,35.20310
04-01-2012,35.09360
03-01-2012,35.12750
02-01-2012,34.98410
30-12-2011,34.61200
29-12-2011,34.60020
28-12-2011,34.61960
27-12-2011,34.55930
26-12-2011,34.56900
23-12-2011,34.79110
22-12-2011,34.85360
21-12-2011,34.87680
20-12-2011,34.92660
19-12-2011,34.85340
16-12-2011,34.74710
15-12-2011,34.45150
14-12-2011,34.45630
13-12-2011,34.50450
12-12-2011,34.43240
09-12-2011,34.33320
08-12-2011,34.31880
07-12-2011,34.18160
05-12-2011,34.15290
02-12-2011,33.96840
01-12-2011,33.76500
30-11-2011,33.64070
29-11-2011,33.33310
28-11-2011,33.29740
25-11-2011,33.29850
24-11-2011,33.42330
23-11-2011,33.37360
22-11-2011,33.32080
21-11-2011,33.42150
18-11-2011,33.38240
17-11-2011,33.42550
16-11-2011,33.19820
15-11-2011,33.21130
14-11-2011,33.05850
11-11-2011,32.96720
09-11-2011,32.96600
08-11-2011,32.98930
04-11-2011,33.08320
03-11-2011,33.17190
02-11-2011,33.17860
01-11-2011,33.14820
31-10-2011,33.19820
28-10-2011,33.23880
25-10-2011,33.40620
24-10-2011,33.29940
21-10-2011,33.28870
20-10-2011,33.32790
19-10-2011,33.34710
18-10-2011,33.36920
17-10-2011,33.36670
14-10-2011,33.30870
13-10-2011,33.39250
12-10-2011,33.37450
11-10-2011,33.39930
10-10-2011,33.32780
07-10-2011,33.35380
05-10-2011,33.39650
04-10-2011,33.41030
03-10-2011,33.40680
29-09-2011,33.41920
28-09-2011,33.56380
27-09-2011,33.58890
26-09-2011,33.60460
23-09-2011,33.60730
22-09-2011,33.60480
21-09-2011,33.55640
20-09-2011,33.53490
19-09-2011,33.55030
16-09-2011,33.50620
15-09-2011,33.54420
14-09-2011,33.51480
13-09-2011,33.53470
12-09-2011,33.59160
09-09-2011,33.53850
08-09-2011,33.56620
07-09-2011,33.54360
06-09-2011,33.54180
05-09-2011,33.57940
02-09-2011,33.44040
30-08-2011,33.47480
29-08-2011,33.46300
26-08-2011,33.50620
25-08-2011,33.53410
24-08-2011,33.56110
23-08-2011,33.47950
22-08-2011,33.45880
18-08-2011,33.44600
17-08-2011,33.34230
16-08-2011,33.38560
12-08-2011,33.34850
11-08-2011,33.50500
10-08-2011,33.54290
09-08-2011,33.51700
08-08-2011,33.45720
05-08-2011,33.36680
04-08-2011,33.18870
03-08-2011,33.14420
02-08-2011,33.13240
01-08-2011,33.08840
29-07-2011,33.08090
28-07-2011,33.06430
27-07-2011,33.06440
26-07-2011,33.06990
25-07-2011,33.30880
22-07-2011,33.27400
21-07-2011,33.36250
20-07-2011,33.34550
19-07-2011,33.37780
18-07-2011,33.38070
15-07-2011,33.33690
14-07-2011,33.31820
13-07-2011,33.23500
12-07-2011,33.26400
11-07-2011,33.17820
08-07-2011,33.11490
07-07-2011,33.08120
06-07-2011,33.12060
05-07-2011,33.11320
04-07-2011,33.06960
30-06-2011,33.13200
29-06-2011,33.15570
28-06-2011,33.19970
27-06-2011,33.23120
24-06-2011,33.23800
23-06-2011,33.16220
22-06-2011,33.18970
21-06-2011,33.23120
20-06-2011,33.24530
17-06-2011,33.13950
16-06-2011,33.06060
15-06-2011,32.84400
14-06-2011,32.91770
13-06-2011,33.01030
10-06-2011,33.01210
09-06-2011,32.95570
08-06-2011,32.96200
07-06-2011,32.92020
06-06-2011,32.93850
03-06-2011,32.90060
02-06-2011,32.88990
01-06-2011,32.83230
31-05-2011,32.73100
30-05-2011,32.69830
27-05-2011,32.66600
26-05-2011,32.69850
25-05-2011,32.71910
24-05-2011,32.71330
23-05-2011,32.72910
20-05-2011,32.69160
19-05-2011,32.70460
18-05-2011,32.71770
16-05-2011,32.71170
13-05-2011,32.70920
12-05-2011,32.70970
11-05-2011,32.67230
10-05-2011,32.66390
09-05-2011,32.66050
06-05-2011,32.71540
05-05-2011,32.61980
04-05-2011,32.58880
03-05-2011,32.66990
02-05-2011,32.76110
29-04-2011,32.74240
28-04-2011,32.73860
27-04-2011,32.74190
26-04-2011,32.73760
25-04-2011,32.71750
21-04-2011,32.74400
20-04-2011,32.73760
19-04-2011,32.75630
18-04-2011,32.73950
15-04-2011,32.73310
13-04-2011,32.81010
11-04-2011,32.84340
08-04-2011,32.91310
07-04-2011,32.96320
06-04-2011,32.94480
05-04-2011,32.95070
31-03-2011,32.89170
30-03-2011,32.90170
29-03-2011,32.93120
28-03-2011,32.95470
25-03-2011,32.90620
24-03-2011,32.85230
23-03-2011,32.82210
22-03-2011,32.79040
21-03-2011,32.77460
18-03-2011,32.75520
17-03-2011,32.75410
16-03-2011,32.75290
15-03-2011,32.75040
14-03-2011,32.71590
11-03-2011,32.76550
10-03-2011,32.76880
09-03-2011,32.75510
08-03-2011,32.75690
07-03-2011,32.69140
04-03-2011,32.70730
03-03-2011,32.74140
01-03-2011,32.65930
28-02-2011,32.64770
25-02-2011,32.61650
24-02-2011,32.60550
23-02-2011,32.60770
22-02-2011,32.61380
21-02-2011,32.59200
18-02-2011,32.52090
17-02-2011,32.52650
15-02-2011,32.48660
14-02-2011,32.48790
11-02-2011,32.38850
10-02-2011,32.40420
09-02-2011,32.38960
08-02-2011,32.36580
07-02-2011,32.35360
04-02-2011,32.35230
03-02-2011,32.37340
02-02-2011,32.37610
01-02-2011,32.37220
31-01-2011,32.37830
28-01-2011,32.38250
27-01-2011,32.37430
25-01-2011,32.35950
24-01-2011,32.30710
21-01-2011,32.27360
20-01-2011,32.22760
19-01-2011,32.22410
18-01-2011,32.22040
17-01-2011,32.21730
14-01-2011,32.20820
13-01-2011,32.22490
12-01-2011,32.19180
11-01-2011,32.17200
10-01-2011,32.16390
07-01-2011,32.17970
06-01-2011,32.21460
05-01-2011,32.29630
04-01-2011,32.26720
03-01-2011,32.31790
31-12-2010,32.33600
30-12-2010,32.32460
29-12-2010,32.33500
28-12-2010,32.30840
27-12-2010,32.30130
24-12-2010,32.28160
23-12-2010,32.23160
22-12-2010,32.22980
21-12-2010,32.20710
20-12-2010,32.20190
16-12-2010,32.21250
15-12-2010,32.08480
14-12-2010,32.07000
13-12-2010,31.99600
10-12-2010,31.99030
09-12-2010,31.89220
08-12-2010,31.86290
07-12-2010,31.87710
06-12-2010,31.76130
03-12-2010,31.83490
02-12-2010,31.92480
01-12-2010,31.87900
30-11-2010,31.91370
29-11-2010,31.97280
26-11-2010,32.05150
25-11-2010,31.97970
24-11-2010,31.96470
23-11-2010,32.00280
22-11-2010,31.96990
19-11-2010,31.95580
18-11-2010,31.95650
16-11-2010,31.88670
15-11-2010,31.90340
12-11-2010,31.88660
11-11-2010,31.87030
10-11-2010,31.88830
09-11-2010,31.96030
08-11-2010,31.94020
04-11-2010,31.94230
03-11-2010,31.98680
02-11-2010,31.94660
01-11-2010,31.83290
29-10-2010,31.80360
28-10-2010,31.76350
27-10-2010,31.75140
26-10-2010,31.70580
25-10-2010,31.74130
22-10-2010,31.74550
21-10-2010,31.75420
20-10-2010,31.69240
19-10-2010,31.74560
18-10-2010,31.69330
15-10-2010,31.73940
14-10-2010,31.77690
13-10-2010,31.76960
12-10-2010,31.80090
11-10-2010,31.75830
08-10-2010,31.72180
07-10-2010,31.76370
06-10-2010,31.78270
05-10-2010,31.73220
04-10-2010,31.73130
01-10-2010,31.78720
29-09-2010,31.87890
28-09-2010,31.88220
27-09-2010,31.87490
24-09-2010,31.86000
23-09-2010,31.77490
22-09-2010,31.71330
21-09-2010,31.67520
20-09-2010,31.64580
17-09-2010,31.62110
16-09-2010,31.64270
15-09-2010,31.65110
14-09-2010,31.64520
13-09-2010,31.62160
09-09-2010,31.64920
08-09-2010,31.61960
07-09-2010,31.60890
06-09-2010,31.54200
03-09-2010,31.55060
02-09-2010,31.55580
01-09-2010,31.56330
31-08-2010,31.59730
30-08-2010,31.51520
27-08-2010,31.53980
26-08-2010,31.51980
25-08-2010,31.48390
24-08-2010,31.52700
23-08-2010,31.50150
20-08-2010,31.54760
18-08-2010,31.58420
17-08-2010,31.65910
16-08-2010,31.73340
13-08-2010,31.73930
12-08-2010,31.67190
11-08-2010,31.75310
10-08-2010,31.70250
09-08-2010,31.69890
06-08-2010,31.66960
05-08-2010,31.65280
04-08-2010,31.69280
03-08-2010,31.68420
02-08-2010,31.62850
30-07-2010,31.73260
29-07-2010,31.78950
28-07-2010,31.79330
27-07-2010,31.79190
26-07-2010,31.80520
23-07-2010,31.80920
22-07-2010,31.82420
21-07-2010,31.83440
20-07-2010,31.84490
19-07-2010,31.89550
16-07-2010,31.86360
15-07-2010,31.86770
14-07-2010,31.89420
13-07-2010,31.88100
12-07-2010,31.89430
09-07-2010,31.83580
08-07-2010,31.90060
07-07-2010,31.93500
06-07-2010,31.88230
05-07-2010,31.88320
02-07-2010,31.96300
30-06-2010,31.96010
29-06-2010,31.94170
28-06-2010,31.92360
25-06-2010,31.89710
24-06-2010,31.95950
23-06-2010,31.95710
22-06-2010,31.96430
21-06-2010,31.95780
18-06-2010,31.95480
17-06-2010,31.91220
16-06-2010,31.93040
15-06-2010,31.92560
14-06-2010,31.87060
11-06-2010,31.92720
10-06-2010,31.99850
09-06-2010,32.04750
08-06-2010,32.09390
07-06-2010,32.10250
04-06-2010,32.03720
03-06-2010,31.93290
02-06-2010,32.04090
01-06-2010,32.02990
31-05-2010,31.95260
28-05-2010,31.97370
26-05-2010,31.99590
25-05-2010,32.19430
24-05-2010,32.19690
21-05-2010,32.17260
20-05-2010,32.14880
19-05-2010,32.08470
18-05-2010,32.00870
17-05-2010,32.02960
14-05-2010,31.97290
13-05-2010,31.92620
12-05-2010,31.81910
11-05-2010,31.76820
10-05-2010,31.67340
07-05-2010,31.70300
06-05-2010,31.60870
05-05-2010,31.61150
04-05-2010,31.57170
03-05-2010,31.46940
30-04-2010,31.44770
29-04-2010,31.39390
28-04-2010,31.33190
27-04-2010,31.28350
26-04-2010,31.23440
23-04-2010,31.20640
22-04-2010,31.24350
21-04-2010,31.17810
20-04-2010,31.17690
19-04-2010,31.13960
16-04-2010,31.13680
15-04-2010,31.15480
13-04-2010,31.14120
12-04-2010,31.14120
09-04-2010,31.14120
08-04-2010,31.13920
07-04-2010,31.14420
06-04-2010,31.12010
05-04-2010,31.10580
31-03-2010,31.09500
30-03-2010,31.09530
29-03-2010,31.13750
26-03-2010,31.09510
25-03-2010,31.07520
23-03-2010,31.05800
22-03-2010,31.04540
19-03-2010,31.03930
18-03-2010,31.03370
17-03-2010,31.01350
15-03-2010,30.94110
12-03-2010,30.91060
11-03-2010,30.89950
10-03-2010,30.88910
09-03-2010,30.89450
08-03-2010,30.88310
05-03-2010,30.86930
04-03-2010,30.87850
03-03-2010,30.87360
02-03-2010,30.86800
26-02-2010,30.84780
25-02-2010,30.87170
24-02-2010,30.89910
23-02-2010,30.86890
22-02-2010,30.85390
19-02-2010,30.80150
18-02-2010,30.81070
17-02-2010,30.80010
16-02-2010,30.81130
15-02-2010,30.79020
11-02-2010,30.80980
10-02-2010,30.88110
09-02-2010,30.91970
08-02-2010,30.91520
05-02-2010,30.92370
04-02-2010,30.90280
03-02-2010,30.89820
02-02-2010,30.86290
01-02-2010,30.91130
29-01-2010,30.94480
28-01-2010,30.96270
27-01-2010,30.96640
25-01-2010,30.92910
22-01-2010,30.95040
21-01-2010,30.93110
20-01-2010,30.86120
19-01-2010,30.84770
18-01-2010,30.87150
15-01-2010,30.85010
14-01-2010,30.87070
13-01-2010,30.77460
12-01-2010,30.76590
11-01-2010,30.79960
08-01-2010,30.78270
07-01-2010,30.75890
06-01-2010,30.79850
05-01-2010,30.80160
04-01-2010,30.79850
01-01-2010,30.81580
31-12-2009,30.77900
30-12-2009,30.76840
29-12-2009,30.75990
24-12-2009,30.72680
23-12-2009,30.70240
22-12-2009,30.67060
21-12-2009,30.60590
18-12-2009,30.62660
17-12-2009,30.66460
16-12-2009,30.61600
15-12-2009,30.65930
14-12-2009,30.66310
11-12-2009,30.62900
10-12-2009,30.61260
09-12-2009,30.62460
08-12-2009,30.64020
07-12-2009,30.61080
04-12-2009,30.60750
03-12-2009,30.67000
02-12-2009,30.68400
01-12-2009,30.67170
30-11-2009,30.72450
27-11-2009,30.74720
26-11-2009,30.75520
25-11-2009,30.73040
24-11-2009,30.67760
23-11-2009,30.66060
20-11-2009,30.66690
19-11-2009,30.55750
18-11-2009,30.51500
17-11-2009,30.47700
16-11-2009,30.44000
13-11-2009,30.43790
12-11-2009,30.41740
11-11-2009,30.42850
10-11-2009,30.46540
09-11-2009,30.44300
06-11-2009,30.39410
05-11-2009,30.35800
04-11-2009,30.34270
03-11-2009,30.40160
30-10-2009,30.33600
29-10-2009,30.36690
28-10-2009,30.33400
27-10-2009,30.26370
26-10-2009,30.17380
23-10-2009,30.13790
22-10-2009,30.13310
21-10-2009,30.12580
20-10-2009,30.05350
16-10-2009,30.02330
15-10-2009,30.05620
14-10-2009,30.04820
12-10-2009,30.05650
09-10-2009,30.07370
08-10-2009,30.09750
07-10-2009,30.06900
06-10-2009,30.08850
05-10-2009,30.20240
01-10-2009,30.15510
29-09-2009,30.12610
25-09-2009,30.17310
24-09-2009,30.24020
23-09-2009,30.24460
22-09-2009,30.18850
18-09-2009,30.21280
17-09-2009,30.10990
16-09-2009,30.15070
15-09-2009,30.14720
14-09-2009,30.14810
11-09-2009,30.04630
10-09-2009,30.05740
09-09-2009,30.07360
08-09-2009,30.06230
07-09-2009,30.09130
04-09-2009,29.97190
03-09-2009,29.94810
02-09-2009,29.96040
01-09-2009,29.97130
31-08-2009,29.95480
28-08-2009,29.98110
27-08-2009,30.00420
26-08-2009,30.07160
25-08-2009,29.94540
24-08-2009,29.93380
21-08-2009,29.96070
20-08-2009,29.97630
18-08-2009,29.98800
17-08-2009,30.01500
14-08-2009,29.99280
13-08-2009,30.04730
12-08-2009,30.05320
11-08-2009,30.02490
10-08-2009,29.95500
07-08-2009,30.02780
06-08-2009,29.99550
05-08-2009,29.99030
04-08-2009,30.09170
03-08-2009,30.09000
31-07-2009,30.10550
30-07-2009,30.13020
29-07-2009,30.16580
28-07-2009,30.20830
27-07-2009,30.15650
24-07-2009,30.14950
23-07-2009,30.18140
22-07-2009,30.17850
21-07-2009,30.09200
20-07-2009,30.09100
17-07-2009,30.19100
16-07-2009,30.03830
15-07-2009,29.93500
14-07-2009,29.94520
13-07-2009,30.01770
10-07-2009,29.84100
09-07-2009,29.90810
08-07-2009,29.96250
07-07-2009,29.92680
06-07-2009,29.98570
03-07-2009,30.24310
02-07-2009,30.12550
30-06-2009,29.92860
29-06-2009,29.93330
26-06-2009,29.83770
25-06-2009,29.84910
24-06-2009,29.88680
23-06-2009,29.85880
22-06-2009,29.86140
19-06-2009,29.86490
18-06-2009,29.91790
17-06-2009,29.86910
16-06-2009,29.82050
15-06-2009,29.80660
12-06-2009,29.77130
11-06-2009,29.77690
10-06-2009,29.80370
09-06-2009,29.86070
08-06-2009,29.86340
05-06-2009,29.82540
04-06-2009,29.87360
03-06-2009,29.86800
02-06-2009,29.82420
01-06-2009,29.81650
29-05-2009,29.86080
28-05-2009,29.78950
27-05-2009,29.89530
26-05-2009,29.97570
25-05-2009,29.92450
22-05-2009,30.02060
21-05-2009,30.07400
20-05-2009,30.09770
19-05-2009,30.03980
18-05-2009,30.17410
15-05-2009,29.91190
14-05-2009,29.88790
13-05-2009,30.00250
12-05-2009,29.94190
11-05-2009,30.12940
08-05-2009,30.08440
07-05-2009,30.25650
06-05-2009,30.38890
05-05-2009,30.16310
04-05-2009,30.07630
29-04-2009,30.30120
28-04-2009,30.32970
27-04-2009,30.52110
24-04-2009,30.56880
23-04-2009,30.23140
22-04-2009,30.43600
21-04-2009,30.32980
20-04-2009,29.81980
17-04-2009,29.82390
16-04-2009,29.76210
15-04-2009,29.64710
13-04-2009,29.39380
09-04-2009,29.47850
08-04-2009,29.34100
06-04-2009,29.07620
02-04-2009,28.95310
31-03-2009,28.83130
30-03-2009,28.68830
26-03-2009,28.62910
25-03-2009,28.89530
24-03-2009,29.00880
23-03-2009,28.97780
20-03-2009,29.05370
19-03-2009,29.03000
18-03-2009,29.01510
17-03-2009,28.93360
16-03-2009,29.01880
13-03-2009,28.55370
12-03-2009,28.11590
09-03-2009,28.53100
06-03-2009,28.97070
05-03-2009,29.35360
04-03-2009,29.37660
03-03-2009,29.50080
02-03-2009,29.56760
27-02-2009,29.43020
26-02-2009,29.11980
25-02-2009,28.87640
24-02-2009,29.15830
19-02-2009,29.40010
18-02-2009,29.54960
17-02-2009,29.45100
16-02-2009,29.67560
13-02-2009,30.01710
12-02-2009,29.97760
11-02-2009,29.56810
10-02-2009,29.31650
09-02-2009,29.61330
06-02-2009,29.91980
05-02-2009,29.69950
04-02-2009,29.77600
03-02-2009,29.97050
02-02-2009,30.03330
30-01-2009,30.08140
29-01-2009,30.16050
28-01-2009,30.09650
27-01-2009,30.21190
23-01-2009,30.61710
22-01-2009,30.43590
21-01-2009,30.28910
20-01-2009,30.63030
19-01-2009,30.81980
16-01-2009,30.81090
15-01-2009,30.96130
14-01-2009,30.85070
13-01-2009,30.62080
12-01-2009,30.45520
09-01-2009,30.14110
07-01-2009,30.85500
06-01-2009,32.46190
05-01-2009,32.76850
02-01-2009,33.06580
01-01-2009,32.40050
31-12-2008,32.30340
30-12-2008,32.28330
29-12-2008,31.56270
26-12-2008,31.28350
24-12-2008,31.33610
23-12-2008,31.16610
22-12-2008,31.18030
19-12-2008,31.50500
18-12-2008,31.64430
17-12-2008,31.24390
16-12-2008,30.72770
15-12-2008,30.38610
12-12-2008,30.24250
11-12-2008,29.62640
10-12-2008,29.24400
08-12-2008,29.09250
05-12-2008,29.08290
04-12-2008,28.90880
03-12-2008,29.03330
02-12-2008,28.28880
01-12-2008,28.07390
28-11-2008,27.94280
26-11-2008,27.81140
25-11-2008,27.65810
24-11-2008,27.73100
21-11-2008,27.73000
20-11-2008,27.64990
19-11-2008,27.33340
18-11-2008,27.22970
17-11-2008,27.04260
14-11-2008,27.03090
12-11-2008,26.94780
11-11-2008,26.88840
10-11-2008,26.89650
07-11-2008,26.87880
06-11-2008,26.79560
05-11-2008,26.76450
04-11-2008,26.93250
03-11-2008,27.11950
31-10-2008,27.26580
29-10-2008,27.27530
27-10-2008,27.09510
24-10-2008,26.93230
23-10-2008,27.24760
22-10-2008,27.29340
20-10-2008,27.36130
17-10-2008,26.92380
16-10-2008,26.87490
15-10-2008,26.65480
14-10-2008,26.68420
13-10-2008,27.03790
10-10-2008,26.91310
08-10-2008,26.39030
07-10-2008,26.25150
06-10-2008,26.32720
03-10-2008,26.29830
01-10-2008,25.95890
29-09-2008,25.69340
26-09-2008,26.18170
25-09-2008,26.19090
24-09-2008,26.18070
23-09-2008,26.31980
22-09-2008,26.19600
19-09-2008,26.25380
18-09-2008,26.19140
17-09-2008,26.52890
16-09-2008,26.73850
15-09-2008,26.62090
12-09-2008,26.27110
11-09-2008,26.29540
10-09-2008,26.19850
09-09-2008,26.13940
08-09-2008,26.07970
05-09-2008,26.04210
04-09-2008,26.05130
02-09-2008,25.78730
01-09-2008,25.78270
29-08-2008,25.49090
28-08-2008,25.47300
27-08-2008,25.47210
26-08-2008,25.44010
25-08-2008,25.36280
22-08-2008,25.34590
21-08-2008,25.31380
20-08-2008,25.34380
18-08-2008,25.37640
14-08-2008,25.31320
13-08-2008,25.33340
12-08-2008,25.40690
11-08-2008,25.46770
08-08-2008,25.27030
07-08-2008,25.05850
06-08-2008,25.07440
05-08-2008,25.08550
04-08-2008,24.99440
01-08-2008,24.97490
31-07-2008,24.90100
30-07-2008,24.87320
29-07-2008,24.85360
28-07-2008,25.27550
25-07-2008,25.27450
24-07-2008,25.37220
23-07-2008,25.35990
22-07-2008,25.29740
21-07-2008,25.31020
18-07-2008,25.28030
17-07-2008,25.27720
16-07-2008,25.27660
15-07-2008,25.26980
14-07-2008,25.26180
11-07-2008,25.24960
10-07-2008,25.24690
09-07-2008,25.25110
08-07-2008,25.23540
07-07-2008,25.34190
04-07-2008,25.28590
03-07-2008,25.38140
02-07-2008,25.38170
30-06-2008,25.37660
27-06-2008,25.36730
26-06-2008,25.37250
25-06-2008,25.37450
24-06-2008,25.36220
23-06-2008,25.35580
20-06-2008,25.36490
19-06-2008,25.38150
18-06-2008,25.42400
17-06-2008,25.44050
16-06-2008,25.43650
13-06-2008,25.41060
12-06-2008,25.46810
11-06-2008,25.45060
10-06-2008,25.44410
09-06-2008,25.45270
06-06-2008,25.49840
05-06-2008,25.52350
04-06-2008,25.54140
03-06-2008,25.55150
02-06-2008,25.57240
30-05-2008,25.51930
29-05-2008,25.51770
28-05-2008,25.57380
27-05-2008,25.51940
26-05-2008,25.59270
23-05-2008,25.56840
22-05-2008,25.58120
21-05-2008,25.61230
20-05-2008,25.64290
16-05-2008,25.64200
15-05-2008,25.70470
14-05-2008,25.75490
13-05-2008,25.76480
12-05-2008,25.79290
09-05-2008,25.65990
08-05-2008,25.65610
07-05-2008,25.67360
06-05-2008,25.69050
05-05-2008,25.69080
02-05-2008,25.64340
30-04-2008,25.59180
29-04-2008,25.55780
28-04-2008,25.33400
25-04-2008,25.32430
24-04-2008,25.31220
23-04-2008,25.31350
22-04-2008,25.32060
21-04-2008,25.29730
17-04-2008,25.29660
16-04-2008,25.29600
15-04-2008,25.30560
11-04-2008,25.28690
10-04-2008,25.30290
09-04-2008,25.32270
08-04-2008,25.32460
07-04-2008,25.32370
04-04-2008,25.33590
03-04-2008,25.38820
02-04-2008,25.35160
31-03-2008,25.36610
28-03-2008,25.38820
27-03-2008,25.48650
26-03-2008,25.49610
25-03-2008,25.53470
24-03-2008,25.57430
19-03-2008,25.66330
18-03-2008,25.70380
17-03-2008,25.65230
14-03-2008,25.66280
13-03-2008,25.74620
12-03-2008,25.81440
11-03-2008,25.68930
10-03-2008,25.67630
07-03-2008,25.74770
05-03-2008,25.81130
04-03-2008,25.74530
03-03-2008,25.89400
29-02-2008,25.82170
28-02-2008,25.72450
27-02-2008,25.73570
26-02-2008,25.71560
25-02-2008,25.79560
22-02-2008,25.67720
21-02-2008,25.87520
20-02-2008,25.77710
19-02-2008,25.93710
18-02-2008,25.96120
15-02-2008,26.06800
14-02-2008,26.19240
13-02-2008,26.22250
12-02-2008,26.19470
11-02-2008,26.21420
08-02-2008,26.13920
07-02-2008,26.10770
06-02-2008,26.04350
05-02-2008,25.96600
04-02-2008,26.00280
01-02-2008,26.03950
31-01-2008,26.02640
30-01-2008,25.88800
29-01-2008,25.96890
28-01-2008,26.15420
25-01-2008,26.21680
24-01-2008,26.27460
23-01-2008,26.27500
22-01-2008,26.07880
21-01-2008,25.88030
18-01-2008,25.85120
17-01-2008,25.83290
16-01-2008,25.78620
15-01-2008,25.79600
14-01-2008,25.88020
11-01-2008,25.73410
10-01-2008,25.57410
09-01-2008,25.40650
08-01-2008,25.36560
07-01-2008,25.37100
04-01-2008,25.26880
03-01-2008,25.14030
02-01-2008,25.18500
01-01-2008,25.16910
31-12-2007,25.08600
28-12-2007,25.00640
27-12-2007,24.91930
26-12-2007,24.88380
24-12-2007,24.87350
20-12-2007,24.85850
19-12-2007,24.84700
18-12-2007,24.82240
17-12-2007,24.80380
14-12-2007,24.77710
13-12-2007,24.74500
12-12-2007,24.76920
11-12-2007,24.74600
10-12-2007,24.74680
07-12-2007,24.72280
06-12-2007,24.69890
05-12-2007,24.67570
04-12-2007,24.64470
03-12-2007,24.63290
30-11-2007,24.59550
29-11-2007,24.57750
28-11-2007,24.57960
27-11-2007,24.58200
26-11-2007,24.59180
23-11-2007,24.55850
22-11-2007,24.53010
21-11-2007,24.49920
20-11-2007,24.49980
19-11-2007,24.52040
16-11-2007,24.49690
15-11-2007,24.48770
14-11-2007,24.50010
13-11-2007,24.50190
12-11-2007,24.45870
08-11-2007,24.43030
07-11-2007,24.44410
06-11-2007,24.44340
05-11-2007,24.48040
02-11-2007,24.49190
01-11-2007,24.49150
31-10-2007,24.50390
30-10-2007,24.48830
29-10-2007,24.53590
26-10-2007,24.50600
25-10-2007,24.51060
24-10-2007,24.47370
23-10-2007,24.49120
22-10-2007,24.41820
19-10-2007,24.37640
18-10-2007,24.37300
17-10-2007,24.30300
16-10-2007,24.32450
15-10-2007,24.32960
12-10-2007,24.31170
11-10-2007,24.31690
10-10-2007,24.31960
09-10-2007,24.31180
08-10-2007,24.28210
05-10-2007,24.27060
04-10-2007,24.27550
03-10-2007,24.25450
01-10-2007,24.25340
28-09-2007,24.23880
27-09-2007,24.25100
26-09-2007,24.24950
25-09-2007,24.25520
24-09-2007,24.29500
21-09-2007,24.32440
20-09-2007,24.32560
19-09-2007,24.30420
18-09-2007,24.28880
17-09-2007,24.28660
14-09-2007,24.29240
13-09-2007,24.27220
12-09-2007,24.27230
11-09-2007,24.27050
10-09-2007,24.30430
07-09-2007,24.23330
06-09-2007,24.20960
05-09-2007,24.20580
04-09-2007,24.20740
03-09-2007,24.23070
31-08-2007,24.21030
30-08-2007,24.16410
29-08-2007,24.18160
28-08-2007,24.18610
27-08-2007,24.19660
24-08-2007,24.18610
23-08-2007,24.17050
22-08-2007,24.18440
21-08-2007,24.15620
17-08-2007,24.10870
16-08-2007,24.03380
14-08-2007,24.05000
13-08-2007,24.05480
10-08-2007,24.04220
09-08-2007,24.03300
08-08-2007,24.10930
07-08-2007,24.24760
06-08-2007,24.17330
03-08-2007,24.12390
02-08-2007,24.09500
01-08-2007,24.06580
31-07-2007,24.14330
30-07-2007,24.24520
27-07-2007,24.23070
26-07-2007,24.26470
25-07-2007,24.26710
24-07-2007,24.26310
23-07-2007,24.29590
20-07-2007,24.15520
19-07-2007,24.12020
18-07-2007,24.20230
17-07-2007,24.10700
16-07-2007,24.06040
13-07-2007,24.03190
12-07-2007,24.01410
11-07-2007,24.00320
10-07-2007,24.00320
09-07-2007,24.01420
06-07-2007,23.90670
05-07-2007,23.90880
04-07-2007,23.90270
03-07-2007,23.82070
02-07-2007,23.80290
29-06-2007,23.74200
28-06-2007,23.73890
27-06-2007,23.70900
26-06-2007,23.71490
25-06-2007,23.72050
22-06-2007,23.67850
21-06-2007,23.67870
20-06-2007,23.67670
19-06-2007,23.67140
18-06-2007,23.67210
15-06-2007,23.65670
14-06-2007,23.65160
13-06-2007,23.63190
12-06-2007,23.62360
11-06-2007,23.63990
08-06-2007,23.74390
07-06-2007,23.74020
06-06-2007,23.72990
05-06-2007,23.73030
04-06-2007,23.73300
01-06-2007,23.74150
31-05-2007,23.73550
30-05-2007,23.72770
29-05-2007,23.72680
28-05-2007,23.72180
25-05-2007,23.71000
24-05-2007,23.70960
23-05-2007,23.70740
22-05-2007,23.71080
21-05-2007,23.71940
18-05-2007,23.69150
17-05-2007,23.70620
16-05-2007,23.71320
15-05-2007,23.66650
14-05-2007,23.62910
11-05-2007,23.59180
10-05-2007,23.59940
09-05-2007,23.64890
08-05-2007,23.63060
07-05-2007,23.60610
04-05-2007,23.60200
03-05-2007,23.60930
30-04-2007,23.59500
27-04-2007,23.59520
26-04-2007,23.63010
25-04-2007,23.68320
24-04-2007,23.67110
23-04-2007,23.54520
20-04-2007,23.54330
19-04-2007,23.53580
18-04-2007,23.52710
17-04-2007,23.51150
16-04-2007,23.51410
13-04-2007,23.50790
12-04-2007,23.51840
11-04-2007,23.51740
10-04-2007,23.53170
09-04-2007,23.48190
05-04-2007,23.42320
04-04-2007,23.45190
03-04-2007,23.44190
30-03-2007,23.56600
29-03-2007,23.59840
28-03-2007,23.58360
26-03-2007,23.57180
23-03-2007,23.58520
22-03-2007,23.58250
21-03-2007,23.52570
20-03-2007,23.49500
16-03-2007,23.52340
15-03-2007,23.54030
14-03-2007,23.55350
13-03-2007,23.54460
12-03-2007,23.56820
09-03-2007,23.45730
08-03-2007,23.45250
07-03-2007,23.46370
06-03-2007,23.45390
05-03-2007,23.45440
02-03-2007,23.46140
01-03-2007,23.48390
28-02-2007,23.44530
27-02-2007,23.49890
26-02-2007,23.51040
23-02-2007,23.46020
22-02-2007,23.43150
21-02-2007,23.46940
20-02-2007,23.40640
19-02-2007,23.38380
15-02-2007,23.38300
14-02-2007,23.33550
13-02-2007,23.43970
12-02-2007,23.52010
09-02-2007,23.55060
08-02-2007,23.57270
07-02-2007,23.63230
06-02-2007,23.63750
05-02-2007,23.69160
02-02-2007,23.66690
31-01-2007,23.60730
29-01-2007,23.47510
25-01-2007,23.49890
24-01-2007,23.50200
23-01-2007,23.50330
22-01-2007,23.47750
19-01-2007,23.56550
18-01-2007,23.53710
17-01-2007,23.54660
16-01-2007,23.61450
15-01-2007,23.57970
12-01-2007,23.52440
11-01-2007,23.92590
10-01-2007,23.92990
09-01-2007,23.96390
08-01-2007,23.98570
05-01-2007,23.91730
04-01-2007,23.87900
03-01-2007,23.92740
02-01-2007,23.93940
29-12-2006,23.80910
28-12-2006,23.81170
27-12-2006,23.81700
26-12-2006,23.81810
22-12-2006,23.82380
21-12-2006,23.81950
20-12-2006,23.85150
19-12-2006,23.86150
18-12-2006,23.84650
15-12-2006,23.78080
14-12-2006,23.74500
13-12-2006,23.78520
12-12-2006,23.79760
11-12-2006,23.91550
08-12-2006,24.02550
07-12-2006,24.02250
06-12-2006,24.01900
05-12-2006,24.01310
04-12-2006,23.99010
01-12-2006,23.97270
30-11-2006,23.94980
29-11-2006,23.97100
28-11-2006,23.97850
27-11-2006,23.97230
24-11-2006,23.89700
23-11-2006,23.89510
22-11-2006,23.87800
21-11-2006,23.87160
20-11-2006,23.83020
17-11-2006,23.75170
16-11-2006,23.75170
15-11-2006,23.76250
14-11-2006,23.72870
13-11-2006,23.69800
10-11-2006,23.66260
09-11-2006,23.65500
08-11-2006,23.64870
07-11-2006,23.60610
06-11-2006,23.55470
03-11-2006,23.55300
02-11-2006,23.55890
01-11-2006,23.54630
31-10-2006,23.53480
30-10-2006,23.54850
27-10-2006,23.54440
26-10-2006,23.54180
23-10-2006,23.53240
20-10-2006,23.52270
19-10-2006,23.52010
18-10-2006,23.51680
17-10-2006,23.51430
16-10-2006,23.51350
13-10-2006,23.51150
12-10-2006,23.52080
11-10-2006,23.50730
10-10-2006,23.52490
09-10-2006,23.49770
06-10-2006,23.51980
05-10-2006,23.51400
04-10-2006,23.49690
03-10-2006,23.48050
29-09-2006,23.46560
28-09-2006,23.49870
27-09-2006,23.51610
26-09-2006,23.54060
25-09-2006,23.45650
22-09-2006,23.43380
21-09-2006,23.37290
20-09-2006,23.40820
19-09-2006,23.30030
18-09-2006,23.25960
15-09-2006,23.24690
14-09-2006,23.24930
13-09-2006,23.25860
12-09-2006,23.24600
11-09-2006,23.30000
08-09-2006,23.30400
07-09-2006,23.25510
06-09-2006,23.25950
05-09-2006,23.28580
04-09-2006,23.31930
01-09-2006,23.14350
31-08-2006,23.13730
30-08-2006,23.10730
29-08-2006,23.09170
28-08-2006,23.09530
25-08-2006,23.09450
24-08-2006,23.10850
23-08-2006,23.04060
22-08-2006,23.02470
21-08-2006,23.02100
18-08-2006,23.01140
17-08-2006,23.00510
16-08-2006,22.94990
14-08-2006,22.92970
11-08-2006,22.91860
10-08-2006,22.93520
09-08-2006,22.91090
08-08-2006,22.85940
07-08-2006,22.84120
04-08-2006,22.82600
03-08-2006,22.82240
02-08-2006,22.82090
01-08-2006,22.81760
31-07-2006,22.82430
28-07-2006,22.81840
27-07-2006,22.83340
26-07-2006,22.83090
25-07-2006,22.83930
24-07-2006,22.85470
21-07-2006,22.82450
20-07-2006,22.81650
19-07-2006,22.81160
18-07-2006,22.80940
17-07-2006,22.80640
14-07-2006,22.80120
13-07-2006,22.79530
12-07-2006,22.78980
11-07-2006,22.79170
10-07-2006,22.78950
07-07-2006,22.78060
06-07-2006,22.77930
05-07-2006,22.78000
04-07-2006,22.77720
03-07-2006,22.77630
30-06-2006,22.76410
29-06-2006,22.77140
28-06-2006,22.77190
27-06-2006,22.77140
26-06-2006,22.76060
23-06-2006,22.74910
22-06-2006,22.77200
21-06-2006,22.77140
20-06-2006,22.76820
19-06-2006,22.76620
16-06-2006,22.76890
15-06-2006,22.77510
14-06-2006,22.77650
13-06-2006,22.77270
12-06-2006,22.78340
09-06-2006,22.77880
08-06-2006,22.80410
07-06-2006,22.80280
06-06-2006,22.79990
05-06-2006,22.79690
02-06-2006,22.79330
01-06-2006,22.79090
31-05-2006,22.78810
30-05-2006,22.78730
29-05-2006,22.78810
26-05-2006,22.77670
25-05-2006,22.78190
24-05-2006,22.78670
23-05-2006,22.78380
22-05-2006,22.77910
19-05-2006,22.77330
18-05-2006,22.76670
17-05-2006,22.77370
16-05-2006,22.77750
15-05-2006,22.77860
12-05-2006,22.77560
11-05-2006,22.78130
10-05-2006,22.80430
09-05-2006,22.80320
08-05-2006,22.78370
05-05-2006,22.78000
04-05-2006,22.78290
03-05-2006,22.77990
02-05-2006,22.78260
28-04-2006,22.78940
27-04-2006,22.78020
26-04-2006,22.78130
25-04-2006,22.79520
24-04-2006,22.78920
21-04-2006,22.79820
20-04-2006,22.78610
19-04-2006,22.81010
18-04-2006,22.74390
17-04-2006,22.67600
13-04-2006,22.68100
12-04-2006,22.69580
10-04-2006,22.67870
07-04-2006,22.67480
05-04-2006,22.67140
04-04-2006,22.61250
03-04-2006,22.60730
02-04-2006,22.59870
